m 	 up  	down	 # analytical
THICK=0.013
RHO=4.08e-6
SIG1=0.100
SIG2=0.0211
MC=4.5
0.0	0.99	0.99
0.0212	0.99	0.99
0.0424	0.99	0.99
0.0635	0.99	0.99
0.0847	0.99	0.99
0.1059	0.99	0.99
0.1271	0.99	0.99
0.1482	0.99	0.99
0.1694	0.99	0.99
0.1906	0.99	0.99
0.2118	0.99	0.99
0.2329	0.99	0.99
0.2541	0.99	0.99
0.2753	0.99	0.99
0.2965	0.99	0.99
0.3176	0.99	0.99
0.3388	0.99	0.99
0.36	0.99	0.99
0.3812	0.99	0.99
0.4024	0.99	0.99
0.4235	0.99	0.99
0.4447	0.99	0.99
0.4659	0.99	0.99
0.4871	0.99	0.99
0.5082	0.99	0.99
0.5294	0.99	0.99
0.5506	0.99	0.99
0.5718	0.99	0.99
0.5929	0.99	0.99
0.6141	0.99	0.99
0.6353	0.99	0.99
0.6565	0.99	0.99
0.6776	0.99	0.99
0.6988	0.99	0.99
0.72	0.99	0.99
0.7412	0.99	0.99
0.7624	0.99	0.99
0.7835	0.99	0.99
0.8047	0.99	0.99
0.8259	0.99	0.99
0.8471	0.99	0.99
0.8682	0.99	0.99
0.8894	0.99	0.99
0.9106	0.99	0.99
0.9318	0.99	0.99
0.9529	0.99	0.99
0.9741	0.99	0.99
0.9953	0.99	0.99
1.0165	0.9878	0.9878
1.0376	0.985	0.985
1.0588	0.9822	0.9822
1.08	0.9795	0.9795
1.1012	0.9767	0.9767
1.1224	0.974	0.974
1.1435	0.9713	0.9713
1.1647	0.9686	0.9686
1.1859	0.9659	0.9659
1.2071	0.9632	0.9632
1.2282	0.9605	0.9605
1.2494	0.9579	0.9579
1.2706	0.9552	0.9552
1.2918	0.9526	0.9526
1.3129	0.95	0.95
1.3341	0.9474	0.9474
1.3553	0.9448	0.9448
1.3765	0.9422	0.9422
1.3976	0.9397	0.9397
1.4188	0.9371	0.9371
1.44	0.9346	0.9346
1.4612	0.9321	0.9321
1.4824	0.9296	0.9296
1.5035	0.9271	0.9271
1.5247	0.9246	0.9246
1.5459	0.9221	0.9221
1.5671	0.9197	0.9197
1.5882	0.9173	0.9173
1.6094	0.9148	0.9148
1.6306	0.9124	0.9124
1.6518	0.91	0.91
1.6729	0.9077	0.9077
1.6941	0.9053	0.9053
1.7153	0.903	0.903
1.7365	0.9006	0.9006
1.7576	0.8983	0.8983
1.7788	0.896	0.896
1.8	0.8937	0.8937
1.8212	0.8914	0.8914
1.8424	0.8891	0.8891
1.8635	0.8869	0.8869
1.8847	0.8846	0.8846
1.9059	0.8824	0.8824
1.9271	0.8802	0.8802
1.9482	0.878	0.878
1.9694	0.8758	0.8758
1.9906	0.8736	0.8736
2.0118	0.8715	0.8715
2.0329	0.8693	0.8693
2.0541	0.8672	0.8672
2.0753	0.8651	0.8651
2.0965	0.863	0.863
2.1176	0.8609	0.8609
2.1388	0.8588	0.8588
2.16	0.8568	0.8568
2.1812	0.8547	0.8547
2.2024	0.8527	0.8527
2.2235	0.8507	0.8507
2.2447	0.8486	0.8486
2.2659	0.8467	0.8467
2.2871	0.8447	0.8447
2.3082	0.8427	0.8427
2.3294	0.8408	0.8408
2.3506	0.8388	0.8388
2.3718	0.8369	0.8369
2.3929	0.835	0.835
2.4141	0.8331	0.8331
2.4353	0.8312	0.8312
2.4565	0.8293	0.8293
2.4776	0.8275	0.8275
2.4988	0.8256	0.8256
2.52	0.8238	0.8238
2.5412	0.822	0.822
2.5624	0.8202	0.8202
2.5835	0.8184	0.8184
2.6047	0.8166	0.8166
2.6259	0.8149	0.8149
2.6471	0.8131	0.8131
2.6682	0.8114	0.8114
2.6894	0.8097	0.8097
2.7106	0.808	0.808
2.7318	0.8063	0.8063
2.7529	0.8046	0.8046
2.7741	0.803	0.803
2.7953	0.8013	0.8013
2.8165	0.7997	0.7997
2.8376	0.7981	0.7981
2.8588	0.7964	0.7964
2.88	0.7948	0.7948
2.9012	0.7933	0.7933
2.9224	0.7917	0.7917
2.9435	0.7902	0.7902
2.9647	0.7886	0.7886
2.9859	0.7871	0.7871
3.0071	0.7856	0.7856
3.0282	0.7841	0.7841
3.0494	0.7826	0.7826
3.0706	0.7811	0.7811
3.0918	0.7797	0.7797
3.1129	0.7782	0.7782
3.1341	0.7768	0.7768
3.1553	0.7754	0.7754
3.1765	0.774	0.774
3.1976	0.7726	0.7726
3.2188	0.7712	0.7712
3.24	0.7699	0.7699
3.2612	0.7685	0.7685
3.2824	0.7672	0.7672
3.3035	0.7659	0.7659
3.3247	0.7646	0.7646
3.3459	0.7633	0.7633
3.3671	0.762	0.762
3.3882	0.7607	0.7607
3.4094	0.7595	0.7595
3.4306	0.7583	0.7583
3.4518	0.757	0.757
3.4729	0.7558	0.7558
3.4941	0.7546	0.7546
3.5153	0.7535	0.7535
3.5365	0.7523	0.7523
3.5576	0.7511	0.7511
3.5788	0.75	0.75
3.6	0.7489	0.7489
3.6212	0.7478	0.7478
3.6424	0.7467	0.7467
3.6635	0.7456	0.7456
3.6847	0.7445	0.7445
3.7059	0.7435	0.7435
3.7271	0.7424	0.7424
3.7482	0.7414	0.7414
3.7694	0.7404	0.7404
3.7906	0.7394	0.7394
3.8118	0.7384	0.7384
3.8329	0.7374	0.7374
3.8541	0.7364	0.7364
3.8753	0.7355	0.7355
3.8965	0.7346	0.7346
3.9176	0.7336	0.7336
3.9388	0.7327	0.7327
3.96	0.7319	0.7319
3.9812	0.731	0.731
4.0024	0.7301	0.7301
4.0235	0.7293	0.7293
4.0447	0.7284	0.7284
4.0659	0.7276	0.7276
4.0871	0.7268	0.7268
4.1082	0.726	0.726
4.1294	0.7252	0.7252
4.1506	0.7245	0.7245
4.1718	0.7237	0.7237
4.1929	0.723	0.723
4.2141	0.7222	0.7222
4.2353	0.7215	0.7215
4.2565	0.7208	0.7208
4.2776	0.7201	0.7201
4.2988	0.7195	0.7195
4.32	0.7188	0.7188
4.3412	0.7181	0.7181
4.3624	0.7175	0.7175
4.3835	0.7168	0.7168
4.4047	0.716	0.716
4.4259	0.7151	0.7151
4.4471	0.7139	0.7139
4.4682	0.7119	0.7119
4.4894	0.7086	0.7086
4.5106	0.7023	0.7023
4.5318	0.6902	0.6902
4.5529	0.6671	0.6671
4.5741	0.6245	0.6245
4.5953	0.5521	0.5521
4.6165	0.4457	0.4457
4.6376	0.319	0.319
4.6588	0.2012	0.2012
4.68	0.1142	0.1142
4.7012	0.0604	0.0604
4.7224	0.0306	0.0306
4.7435	0.0152	0.0152
4.7647	0.0074	0.0074
4.7859	0.0036	0.0036
4.8071	0.0018	0.0018
4.8282	0.0009	0.0009
4.8494	0.0004	0.0004
4.8706	0.0002	0.0002
4.8918	0.0	0.0
4.9129	0.0	0.0
4.9341	0.0	0.0
4.9553	0.0	0.0
4.9765	0.0	0.0
4.9976	0.0	0.0
5.0188	0.0	0.0
5.04	0.0	0.0
5.0612	0.0	0.0
5.0824	0.0	0.0
5.1035	0.0	0.0
5.1247	0.0	0.0
5.1459	0.0	0.0
5.1671	0.0	0.0
5.1882	0.0	0.0
5.2094	0.0	0.0
5.2306	0.0	0.0
5.2518	0.0	0.0
5.2729	0.0	0.0
5.2941	0.0	0.0
5.3153	0.0	0.0
5.3365	0.0	0.0
5.3576	0.0	0.0
5.3788	0.0	0.0
5.4	0.0	0.0
