m	up	down # fitted to data from www.swissneutronics.ch
0	0.96993	0.96993
0.1	0.96993	0.96993
0.2	0.96993	0.96993
0.3	0.96993	0.96993
0.4	0.96993	0.96993
0.5	0.96993	0.96993
0.6	0.96993	0.96993
0.7	0.96993	0.96993
0.8	0.96993	0.96993
0.9	0.96993	0.96993
1	0.96993	0.96993
1.1	0.95434	0.95434
1.2	0.93904	0.93904
1.3	0.92402	0.92402
1.4	0.90928	0.90928
1.5	0.89484	0.89484
1.6	0.88067	0.88067
1.7	0.8668	0.8668
1.8	0.85321	0.85321
1.9	0.8399	0.8399
2	0.82688	0.82688
2.1	0.81415	0.81415
2.2	0.8017	0.8017
2.3	0.78953	0.78953
2.4	0.77765	0.77765
2.5	0.76606	0.76606
2.6	0.75475	0.75475
2.7	0.74373	0.74373
2.8	0.73299	0.73299
2.9	0.72254	0.72254
3	0.71238	0.71238
3.1	0.7025	0.7025
3.2	0.6929	0.6929
3.3	0.68359	0.68359
3.4	0.67457	0.67457
3.5	0.66583	0.66583
3.6	0.65738	0.65738
3.7	0.64921	0.64921
3.8	0.64133	0.64133
3.9	0.63373	0.63373
4	0.62642	0.62642
4.1	0.61939	0.61939
4.2	0.61265	0.61265
4.3	0.6062	0.6062
4.4	0.60003	0.60003
4.5	0.59414	0.59414
4.6	0.58854	0.58854
4.7	0.58323	0.58323
4.8	0.5782	0.5782
4.9	0.57346	0.57346
5	0.569	0.569
5.1	0.56483	0.56483
5.2	0.56095	0.56095
5.3	0.55735	0.55735
5.4	0.55403	0.55403
5.5	0.551	0.551
5.6	0.54825	0.54825
5.7	0.54577	0.54577
5.8	0.54326	0.54326
5.9	0.53704	0.53704
6	0.48425	0.48425
6.1	0.21367	0.21367
6.2	0.02553	0.02553
6.3	0.00202	0.00202
6.4	1.53756E-4	1.53756E-4
6.5	1.16599E-5	0
