m	up	down # fitted to data from www.swissneutronics.ch
0	0.98299	0.98299
0.025	0.98299	0.98299
0.05	0.98299	0.98299
0.075	0.98299	0.98299
0.1	0.98299	0.98299
0.125	0.98299	0.98299
0.15	0.98299	0.98299
0.175	0.98299	0.98299
0.2	0.98299	0.98299
0.225	0.98299	0.98299
0.25	0.98299	0.98299
0.275	0.98299	0.98299
0.3	0.98299	0.98299
0.325	0.98299	0.98299
0.35	0.98299	0.98299
0.375	0.98299	0.98299
0.4	0.98299	0.98299
0.425	0.98299	0.98299
0.45	0.98299	0.98299
0.475	0.98299	0.98299
0.5	0.98299	0.98299
0.525	0.98299	0.98299
0.55	0.98299	0.98299
0.575	0.98299	0.98299
0.6	0.98299	0.98299
0.625	0.98299	0.98299
0.65	0.98299	0.98299
0.675	0.98299	0.98299
0.7	0.98299	0.98299
0.725	0.98299	0.98299
0.75	0.98299	0.98299
0.775	0.98299	0.98299
0.8	0.98299	0.98299
0.825	0.98299	0.98299
0.85	0.98299	0.98299
0.875	0.98299	0.98299
0.9	0.98299	0.98299
0.925	0.98299	0.98299
0.95	0.98299	0.98299
0.975	0.98299	0.98299
1	0.98299	0.98299
1.025	0.98245	0.98245
1.05	0.98191	0.98191
1.075	0.98137	0.98137
1.1	0.98083	0.98083
1.125	0.98029	0.98029
1.15	0.97975	0.97975
1.175	0.97921	0.97921
1.2	0.97867	0.97867
1.225	0.97813	0.97813
1.25	0.97759	0.97759
1.275	0.97705	0.97705
1.3	0.97651	0.97651
1.325	0.97597	0.97597
1.35	0.97543	0.97543
1.375	0.97489	0.97489
1.4	0.97435	0.97435
1.425	0.97381	0.97381
1.45	0.97327	0.97327
1.475	0.97273	0.97273
1.5	0.97219	0.97219
1.525	0.97165	0.97165
1.55	0.97111	0.97111
1.575	0.97057	0.97057
1.6	0.97003	0.97003
1.625	0.96948	0.96948
1.65	0.96893	0.96893
1.675	0.96837	0.96837
1.7	0.96781	0.96781
1.725	0.96722	0.96722
1.75	0.9666	0.9666
1.775	0.96593	0.96593
1.8	0.96517	0.96517
1.825	0.96426	0.96426
1.85	0.9631	0.9631
1.875	0.96151	0.96151
1.9	0.9592	0.9592
1.925	0.9557	0.9557
1.95	0.9502	0.9502
1.975	0.94142	0.94142
2	0.92732	0.92732
2.025	0.90477	0.90477
2.05	0.86942	0.86942
2.075	0.81591	0.81591
2.1	0.73936	0.73936
2.125	0.63846	0.63846
2.15	0.51906	0.51906
2.175	0.39461	0.39461
2.2	0.28097	0.28097
2.225	0.18909	0.18909
2.25	0.12186	0.12186
2.275	0.07616	0.07616
2.3	0.04665	0.04665
2.325	0.0282	0.0282
2.35	0.01692	0.01692
2.375	0.0101	0.0101
2.4	0.00601	0.00601
2.425	0.00357	0.00357
2.45	0.00212	0.00212
2.475	0.00126	0.00126
2.5	7.4501E-4	0
