"gamma[Ni.nat]"	"r[up]"	"r[down]"	
0	1	1	0
0.06065017	0.99999461	0.99999461	0.072780204
0.121300341666667	0.99998916	0.99998916	0.14556041
0.181950508333333	0.99998358	0.99998358	0.21834061
0.242600683333333	0.99997781	0.99997781	0.29112082
0.30325085	0.99997174	0.99997174	0.36390102
0.363901016666667	0.99996528	0.99996528	0.43668122
0.424551191666667	0.99995829	0.99995829	0.50946143
0.485201358333333	0.99995058	0.99995058	0.58224163
0.545851525	0.99994188	0.99994188	0.65502183
0.6065017	0.9999318	0.9999318	0.72780204
0.667151866666667	0.99991967	0.99991967	0.80058224
0.727802041666667	0.99990436	0.99990436	0.87336245
0.788452208333333	0.99988361	0.99988361	0.94614265
0.849102416666667	0.99985197	0.99985197	1.0189229
0.909752583333333	0.99979103	0.99979103	1.0917031
0.97040275	0.99951723	0.99951723	1.1644833
1.03105291666667	0.30058423	0.30058423	1.2372635
1.09170308333333	0.15973672	0.15973672	1.3100437
1.15235325	0.10120694	0.10120694	1.3828239
1.21300341666667	0.069710244	0.069710244	1.4556041
1.27365358333333	0.050568539	0.050568539	1.5283843
1.33430375	0.038038376	0.038038376	1.6011645
1.39495391666667	0.029404666	0.029404666	1.6739447
1.45560408333333	0.023224983	0.023224983	1.7467249
1.51625425	0.018668634	0.018668634	1.8195051
1.57690441666667	0.015227793	0.015227793	1.8922853
1.63755458333333	0.012577299	0.012577299	1.9650655
1.69820475	0.010501073	0.010501073	2.0378457
1.75885491666667	0.0088510692	0.0088510692	2.1106259
1.81950508333333	0.0075232086	0.0075232086	2.1834061
1.88015525	0.006442701	0.006442701	2.2561863
1.94080541666667	0.005554769	0.005554769	2.3289665
2.00145558333333	0.0048186193	0.0048186193	2.4017467
2.06210575	0.0042034206	0.0042034206	2.4745269
2.12275591666667	0.0036855625	0.0036855625	2.5473071
2.18340608333333	0.0032467489	0.0032467489	2.6200873
2.24405625	0.0028726492	0.0028726492	2.6928675
2.30470641666667	0.0025519287	0.0025519287	2.7656477
2.36535658333333	0.0022755425	0.0022755425	2.8384279
2.42600683333333	0.0020362131	0.0020362131	2.9112082
2.486657	0.0018280409	0.0018280409	2.9839884
2.54730716666667	0.0016462095	0.0016462095	3.0567686
2.60795733333333	0.0014867616	0.0014867616	3.1295488
2.6686075	0.0013464254	0.0013464254	3.202329
2.72925766666667	0.001222481	0.001222481	3.2751092
2.78990783333333	0.0011126551	0.0011126551	3.3478894
2.850558	0.0010150381	0.0010150381	3.4206696
2.91120816666667	0.0009280183	0.0009280183	3.4934498
2.97185833333333	0.00085022975	0.00085022975	3.56623
3.0325085	0.00078050953	0.00078050953	3.6390102
3.09315866666667	0.00071786384	0.00071786384	3.7117904
3.15380883333333	0.00066144016	0.00066144016	3.7845706
3.214459	0.00061050455	0.00061050455	3.8573508
3.27510916666667	0.00056442301	0.00056442301	3.930131
3.33575933333333	0.0005226461	0.0005226461	4.0029112
3.3964095	0.00048469616	0.00048469616	4.0756914
3.45705966666667	0.00045015675	0.00045015675	4.1484716
3.51770983333333	0.00041866375	0.00041866375	4.2212518
3.57836	0.00038989793	0.00038989793	4.294032
3.63901016666667	0.0003635787	0.0003635787	4.3668122
3.69966033333333	0.0003394588	0.0003394588	4.4395924
3.7603105	0.00031731985	0.00031731985	4.5123726
3.82096066666667	0.00029696851	0.00029696851	4.5851528
3.88161083333333	0.00027823323	0.00027823323	4.657933
3.942261	0.0002609615	0.0002609615	4.7307132
4.00291116666667	0.00024501741	0.00024501741	4.8034934
4.06356141666667	0.00023027968	0.00023027968	4.8762737
4.12421158333333	0.00021663978	0.00021663978	4.9490539
4.18486175	0.0002040005	0.0002040005	5.0218341
4.24551191666667	0.00019227456	0.00019227456	5.0946143
4.30616208333333	0.00018138349	0.00018138349	5.1673945
4.36681225	0.00017125661	0.00017125661	5.2401747
4.42746241666667	0.00016183016	0.00016183016	5.3129549
4.48811258333333	0.00015304652	0.00015304652	5.3857351
4.54876275	0.00014485356	0.00014485356	5.4585153
4.60941291666667	0.00013720403	0.00013720403	5.5312955
4.67006308333333	0.00013005507	0.00013005507	5.6040757
4.73071325	0.00012336769	0.00012336769	5.6768559
4.79136341666667	0.00011710646	0.00011710646	5.7496361
4.85201358333333	0.00011123906	0.00011123906	5.8224163
