m	up	down
MC=2		
NITI=1		
COH=0		
0.0000	9.90E-01	9.90E-01
0.0086	9.90E-01	9.90E-01
0.0173	9.90E-01	9.90E-01
0.0259	9.90E-01	9.90E-01
0.0345	9.90E-01	9.90E-01
0.0431	9.90E-01	9.90E-01
0.0518	9.90E-01	9.90E-01
0.0604	9.90E-01	9.90E-01
0.0690	9.90E-01	9.90E-01
0.0776	9.90E-01	9.90E-01
0.0863	9.90E-01	9.90E-01
0.0949	9.90E-01	9.90E-01
0.1035	9.90E-01	9.90E-01
0.1122	9.90E-01	9.90E-01
0.1208	9.90E-01	9.90E-01
0.1294	9.90E-01	9.90E-01
0.1380	9.90E-01	9.90E-01
0.1467	9.90E-01	9.90E-01
0.1553	9.90E-01	9.90E-01
0.1639	9.90E-01	9.90E-01
0.1725	9.90E-01	9.90E-01
0.1812	9.90E-01	9.90E-01
0.1898	9.90E-01	9.90E-01
0.1984	9.90E-01	9.90E-01
0.2071	9.90E-01	9.90E-01
0.2157	9.90E-01	9.90E-01
0.2243	9.90E-01	9.90E-01
0.2329	9.90E-01	9.90E-01
0.2416	9.90E-01	9.90E-01
0.2502	9.90E-01	9.90E-01
0.2588	9.90E-01	9.90E-01
0.2675	9.90E-01	9.90E-01
0.2761	9.90E-01	9.90E-01
0.2847	9.90E-01	9.90E-01
0.2933	9.90E-01	9.90E-01
0.3020	9.90E-01	9.90E-01
0.3106	9.90E-01	9.90E-01
0.3192	9.90E-01	9.90E-01
0.3278	9.90E-01	9.90E-01
0.3365	9.90E-01	9.90E-01
0.3451	9.90E-01	9.90E-01
0.3537	9.90E-01	9.90E-01
0.3624	9.90E-01	9.90E-01
0.3710	9.90E-01	9.90E-01
0.3796	9.90E-01	9.90E-01
0.3882	9.90E-01	9.90E-01
0.3969	9.90E-01	9.90E-01
0.4055	9.90E-01	9.90E-01
0.4141	9.90E-01	9.90E-01
0.4227	9.90E-01	9.90E-01
0.4314	9.90E-01	9.90E-01
0.4400	9.90E-01	9.90E-01
0.4486	9.90E-01	9.90E-01
0.4573	9.90E-01	9.90E-01
0.4659	9.90E-01	9.90E-01
0.4745	9.90E-01	9.90E-01
0.4831	9.90E-01	9.90E-01
0.4918	9.90E-01	9.90E-01
0.5004	9.90E-01	9.90E-01
0.5090	9.90E-01	9.90E-01
0.5176	9.90E-01	9.90E-01
0.5263	9.90E-01	9.90E-01
0.5349	9.90E-01	9.90E-01
0.5435	9.90E-01	9.90E-01
0.5522	9.90E-01	9.90E-01
0.5608	9.90E-01	9.90E-01
0.5694	9.90E-01	9.90E-01
0.5780	9.90E-01	9.90E-01
0.5867	9.90E-01	9.90E-01
0.5953	9.90E-01	9.90E-01
0.6039	9.90E-01	9.90E-01
0.6125	9.90E-01	9.90E-01
0.6212	9.90E-01	9.90E-01
0.6298	9.90E-01	9.90E-01
0.6384	9.90E-01	9.90E-01
0.6471	9.90E-01	9.90E-01
0.6557	9.90E-01	9.90E-01
0.6643	9.90E-01	9.90E-01
0.6729	9.90E-01	9.90E-01
0.6816	9.90E-01	9.90E-01
0.6902	9.90E-01	9.90E-01
0.6988	9.90E-01	9.90E-01
0.7075	9.90E-01	9.90E-01
0.7161	9.90E-01	9.90E-01
0.7247	9.90E-01	9.90E-01
0.7333	9.90E-01	9.90E-01
0.7420	9.90E-01	9.90E-01
0.7506	9.90E-01	9.90E-01
0.7592	9.90E-01	9.90E-01
0.7678	9.90E-01	9.90E-01
0.7765	9.90E-01	9.90E-01
0.7851	9.90E-01	9.90E-01
0.7937	9.90E-01	9.90E-01
0.8024	9.90E-01	9.90E-01
0.8110	9.90E-01	9.90E-01
0.8196	9.90E-01	9.90E-01
0.8282	9.90E-01	9.90E-01
0.8369	9.90E-01	9.90E-01
0.8455	9.90E-01	9.90E-01
0.8541	9.90E-01	9.90E-01
0.8627	9.90E-01	9.90E-01
0.8714	9.90E-01	9.90E-01
0.8800	9.90E-01	9.90E-01
0.8886	9.90E-01	9.90E-01
0.8973	9.90E-01	9.90E-01
0.9059	9.90E-01	9.90E-01
0.9145	9.90E-01	9.90E-01
0.9231	9.90E-01	9.90E-01
0.9318	9.90E-01	9.90E-01
0.9404	9.90E-01	9.90E-01
0.9490	9.90E-01	9.90E-01
0.9576	9.90E-01	9.90E-01
0.9663	9.90E-01	9.90E-01
0.9749	9.90E-01	9.90E-01
0.9835	9.90E-01	9.90E-01
0.9922	9.90E-01	9.90E-01
1.0008	9.90E-01	9.90E-01
1.0094	9.89E-01	9.89E-01
1.0180	9.89E-01	9.89E-01
1.0267	9.88E-01	9.88E-01
1.0353	9.88E-01	9.88E-01
1.0439	9.87E-01	9.87E-01
1.0525	9.87E-01	9.87E-01
1.0612	9.87E-01	9.87E-01
1.0698	9.86E-01	9.86E-01
1.0784	9.86E-01	9.86E-01
1.0871	9.85E-01	9.85E-01
1.0957	9.85E-01	9.85E-01
1.1043	9.84E-01	9.84E-01
1.1129	9.84E-01	9.84E-01
1.1216	9.83E-01	9.83E-01
1.1302	9.83E-01	9.83E-01
1.1388	9.82E-01	9.82E-01
1.1475	9.82E-01	9.82E-01
1.1561	9.81E-01	9.81E-01
1.1647	9.81E-01	9.81E-01
1.1733	9.80E-01	9.80E-01
1.1820	9.80E-01	9.80E-01
1.1906	9.79E-01	9.79E-01
1.1992	9.79E-01	9.79E-01
1.2078	9.78E-01	9.78E-01
1.2165	9.78E-01	9.78E-01
1.2251	9.77E-01	9.77E-01
1.2337	9.77E-01	9.77E-01
1.2424	9.76E-01	9.76E-01
1.2510	9.76E-01	9.76E-01
1.2596	9.75E-01	9.75E-01
1.2682	9.75E-01	9.75E-01
1.2769	9.74E-01	9.74E-01
1.2855	9.74E-01	9.74E-01
1.2941	9.73E-01	9.73E-01
1.3027	9.73E-01	9.73E-01
1.3114	9.72E-01	9.72E-01
1.3200	9.72E-01	9.72E-01
1.3286	9.71E-01	9.71E-01
1.3373	9.71E-01	9.71E-01
1.3459	9.70E-01	9.70E-01
1.3545	9.70E-01	9.70E-01
1.3631	9.69E-01	9.69E-01
1.3718	9.69E-01	9.69E-01
1.3804	9.68E-01	9.68E-01
1.3890	9.68E-01	9.68E-01
1.3976	9.67E-01	9.67E-01
1.4063	9.67E-01	9.67E-01
1.4149	9.66E-01	9.66E-01
1.4235	9.66E-01	9.66E-01
1.4322	9.65E-01	9.65E-01
1.4408	9.65E-01	9.65E-01
1.4494	9.64E-01	9.64E-01
1.4580	9.64E-01	9.64E-01
1.4667	9.63E-01	9.63E-01
1.4753	9.63E-01	9.63E-01
1.4839	9.62E-01	9.62E-01
1.4925	9.62E-01	9.62E-01
1.5012	9.61E-01	9.61E-01
1.5098	9.61E-01	9.61E-01
1.5184	9.60E-01	9.60E-01
1.5271	9.60E-01	9.60E-01
1.5357	9.60E-01	9.60E-01
1.5443	9.59E-01	9.59E-01
1.5529	9.59E-01	9.59E-01
1.5616	9.58E-01	9.58E-01
1.5702	9.58E-01	9.58E-01
1.5788	9.57E-01	9.57E-01
1.5875	9.57E-01	9.57E-01
1.5961	9.56E-01	9.56E-01
1.6047	9.56E-01	9.56E-01
1.6133	9.55E-01	9.55E-01
1.6220	9.55E-01	9.55E-01
1.6306	9.54E-01	9.54E-01
1.6392	9.54E-01	9.54E-01
1.6478	9.53E-01	9.53E-01
1.6565	9.53E-01	9.53E-01
1.6651	9.52E-01	9.52E-01
1.6737	9.52E-01	9.52E-01
1.6824	9.51E-01	9.51E-01
1.6910	9.51E-01	9.51E-01
1.6996	9.50E-01	9.50E-01
1.7082	9.50E-01	9.50E-01
1.7169	9.49E-01	9.49E-01
1.7255	9.49E-01	9.49E-01
1.7341	9.48E-01	9.48E-01
1.7427	9.48E-01	9.48E-01
1.7514	9.47E-01	9.47E-01
1.7600	9.47E-01	9.47E-01
1.7686	9.46E-01	9.46E-01
1.7773	9.46E-01	9.46E-01
1.7859	9.45E-01	9.45E-01
1.7945	9.45E-01	9.45E-01
1.8031	9.44E-01	9.44E-01
1.8118	9.44E-01	9.44E-01
1.8204	9.43E-01	9.43E-01
1.8290	9.43E-01	9.43E-01
1.8376	9.42E-01	9.42E-01
1.8463	9.42E-01	9.42E-01
1.8549	9.41E-01	9.41E-01
1.8635	9.41E-01	9.41E-01
1.8722	9.40E-01	9.40E-01
1.8808	9.40E-01	9.40E-01
1.8894	9.39E-01	9.39E-01
1.8980	9.39E-01	9.39E-01
1.9067	9.38E-01	9.38E-01
1.9153	9.37E-01	9.37E-01
1.9239	9.35E-01	9.35E-01
1.9325	9.33E-01	9.33E-01
1.9412	9.28E-01	9.28E-01
1.9498	9.19E-01	9.19E-01
1.9584	9.03E-01	9.03E-01
1.9671	8.72E-01	8.72E-01
1.9757	8.18E-01	8.18E-01
1.9843	7.27E-01	7.27E-01
1.9929	5.95E-01	5.95E-01
2.0016	4.37E-01	4.37E-01
2.0102	2.86E-01	2.86E-01
2.0188	1.69E-01	1.69E-01
2.0275	9.32E-02	9.32E-02
2.0361	4.92E-02	4.92E-02
2.0447	2.53E-02	2.53E-02
2.0533	1.29E-02	1.29E-02
2.0620	6.49E-03	6.49E-03
2.0706	3.27E-03	3.27E-03
2.0792	1.64E-03	1.64E-03
2.0878	0.00E+00	0.00E+00
2.0965	0.00E+00	0.00E+00
2.1051	0.00E+00	0.00E+00
2.1137	0.00E+00	0.00E+00
2.1224	0.00E+00	0.00E+00
2.1310	0.00E+00	0.00E+00
2.1396	0.00E+00	0.00E+00
2.1482	0.00E+00	0.00E+00
2.1569	0.00E+00	0.00E+00
2.1655	0.00E+00	0.00E+00
2.1741	0.00E+00	0.00E+00
2.1827	0.00E+00	0.00E+00
2.1914	0.00E+00	0.00E+00
2.2000	0.00E+00	0.00E+00
