m	up	down
MC=2.5		
NITI=1		
COH=1		
0.0000	9.90E-01	9.90E-01
0.0108	9.90E-01	9.90E-01
0.0216	9.90E-01	9.90E-01
0.0324	9.90E-01	9.90E-01
0.0431	9.90E-01	9.90E-01
0.0539	9.90E-01	9.90E-01
0.0647	9.90E-01	9.90E-01
0.0755	9.90E-01	9.90E-01
0.0863	9.90E-01	9.90E-01
0.0971	9.90E-01	9.90E-01
0.1078	9.90E-01	9.90E-01
0.1186	9.90E-01	9.90E-01
0.1294	9.90E-01	9.90E-01
0.1402	9.90E-01	9.90E-01
0.1510	9.90E-01	9.90E-01
0.1618	9.90E-01	9.90E-01
0.1725	9.90E-01	9.90E-01
0.1833	9.90E-01	9.90E-01
0.1941	9.90E-01	9.90E-01
0.2049	9.90E-01	9.90E-01
0.2157	9.90E-01	9.90E-01
0.2265	9.90E-01	9.90E-01
0.2373	9.90E-01	9.90E-01
0.2480	9.90E-01	9.90E-01
0.2588	9.90E-01	9.90E-01
0.2696	9.90E-01	9.90E-01
0.2804	9.90E-01	9.90E-01
0.2912	9.90E-01	9.90E-01
0.3020	9.90E-01	9.90E-01
0.3127	9.90E-01	9.90E-01
0.3235	9.90E-01	9.90E-01
0.3343	9.90E-01	9.90E-01
0.3451	9.90E-01	9.90E-01
0.3559	9.90E-01	9.90E-01
0.3667	9.90E-01	9.90E-01
0.3775	9.90E-01	9.90E-01
0.3882	9.90E-01	9.90E-01
0.3990	9.90E-01	9.90E-01
0.4098	9.90E-01	9.90E-01
0.4206	9.90E-01	9.90E-01
0.4314	9.90E-01	9.90E-01
0.4422	9.90E-01	9.90E-01
0.4529	9.90E-01	9.90E-01
0.4637	9.90E-01	9.90E-01
0.4745	9.90E-01	9.90E-01
0.4853	9.90E-01	9.90E-01
0.4961	9.90E-01	9.90E-01
0.5069	9.90E-01	9.90E-01
0.5176	9.90E-01	9.90E-01
0.5284	9.90E-01	9.90E-01
0.5392	9.90E-01	9.90E-01
0.5500	9.90E-01	9.90E-01
0.5608	9.90E-01	9.90E-01
0.5716	9.90E-01	9.90E-01
0.5824	9.90E-01	9.90E-01
0.5931	9.90E-01	9.90E-01
0.6039	9.90E-01	9.90E-01
0.6147	9.90E-01	9.90E-01
0.6255	9.90E-01	9.90E-01
0.6363	9.90E-01	9.90E-01
0.6471	9.90E-01	9.90E-01
0.6578	9.90E-01	9.90E-01
0.6686	9.90E-01	9.90E-01
0.6794	9.90E-01	9.90E-01
0.6902	9.90E-01	9.90E-01
0.7010	9.90E-01	9.90E-01
0.7118	9.90E-01	9.90E-01
0.7225	9.90E-01	9.90E-01
0.7333	9.90E-01	9.90E-01
0.7441	9.90E-01	9.90E-01
0.7549	9.90E-01	9.90E-01
0.7657	9.90E-01	9.90E-01
0.7765	9.90E-01	9.90E-01
0.7873	9.90E-01	9.90E-01
0.7980	9.90E-01	9.90E-01
0.8088	9.90E-01	9.90E-01
0.8196	9.90E-01	9.90E-01
0.8304	9.90E-01	9.90E-01
0.8412	9.90E-01	9.90E-01
0.8520	9.90E-01	9.90E-01
0.8627	9.90E-01	9.90E-01
0.8735	9.90E-01	9.90E-01
0.8843	9.90E-01	9.90E-01
0.8951	9.90E-01	9.90E-01
0.9059	9.90E-01	9.90E-01
0.9167	9.90E-01	9.90E-01
0.9275	9.90E-01	9.90E-01
0.9382	9.90E-01	9.90E-01
0.9490	9.90E-01	9.90E-01
0.9598	9.90E-01	9.90E-01
0.9706	9.90E-01	9.90E-01
0.9814	9.90E-01	9.90E-01
0.9922	9.90E-01	9.90E-01
1.0029	9.90E-01	9.90E-01
1.0137	9.89E-01	9.89E-01
1.0245	9.89E-01	9.89E-01
1.0353	9.88E-01	9.88E-01
1.0461	9.88E-01	9.88E-01
1.0569	9.87E-01	9.87E-01
1.0676	9.86E-01	9.86E-01
1.0784	9.86E-01	9.86E-01
1.0892	9.85E-01	9.85E-01
1.1000	9.85E-01	9.85E-01
1.1108	9.84E-01	9.84E-01
1.1216	9.84E-01	9.84E-01
1.1324	9.83E-01	9.83E-01
1.1431	9.83E-01	9.83E-01
1.1539	9.82E-01	9.82E-01
1.1647	9.81E-01	9.81E-01
1.1755	9.81E-01	9.81E-01
1.1863	9.80E-01	9.80E-01
1.1971	9.80E-01	9.80E-01
1.2078	9.79E-01	9.79E-01
1.2186	9.79E-01	9.79E-01
1.2294	9.78E-01	9.78E-01
1.2402	9.78E-01	9.78E-01
1.2510	9.77E-01	9.77E-01
1.2618	9.76E-01	9.76E-01
1.2725	9.76E-01	9.76E-01
1.2833	9.75E-01	9.75E-01
1.2941	9.75E-01	9.75E-01
1.3049	9.74E-01	9.74E-01
1.3157	9.74E-01	9.74E-01
1.3265	9.73E-01	9.73E-01
1.3373	9.72E-01	9.72E-01
1.3480	9.72E-01	9.72E-01
1.3588	9.71E-01	9.71E-01
1.3696	9.71E-01	9.71E-01
1.3804	9.70E-01	9.70E-01
1.3912	9.70E-01	9.70E-01
1.4020	9.69E-01	9.69E-01
1.4127	9.69E-01	9.69E-01
1.4235	9.68E-01	9.68E-01
1.4343	9.67E-01	9.67E-01
1.4451	9.67E-01	9.67E-01
1.4559	9.66E-01	9.66E-01
1.4667	9.66E-01	9.66E-01
1.4775	9.65E-01	9.65E-01
1.4882	9.65E-01	9.65E-01
1.4990	9.64E-01	9.64E-01
1.5098	9.64E-01	9.64E-01
1.5206	9.63E-01	9.63E-01
1.5314	9.62E-01	9.62E-01
1.5422	9.62E-01	9.62E-01
1.5529	9.61E-01	9.61E-01
1.5637	9.61E-01	9.61E-01
1.5745	9.60E-01	9.60E-01
1.5853	9.60E-01	9.60E-01
1.5961	9.59E-01	9.59E-01
1.6069	9.58E-01	9.58E-01
1.6176	9.58E-01	9.58E-01
1.6284	9.57E-01	9.57E-01
1.6392	9.57E-01	9.57E-01
1.6500	9.56E-01	9.56E-01
1.6608	9.56E-01	9.56E-01
1.6716	9.55E-01	9.55E-01
1.6824	9.55E-01	9.55E-01
1.6931	9.54E-01	9.54E-01
1.7039	9.53E-01	9.53E-01
1.7147	9.53E-01	9.53E-01
1.7255	9.52E-01	9.52E-01
1.7363	9.52E-01	9.52E-01
1.7471	9.51E-01	9.51E-01
1.7578	9.51E-01	9.51E-01
1.7686	9.50E-01	9.50E-01
1.7794	9.49E-01	9.49E-01
1.7902	9.49E-01	9.49E-01
1.8010	9.48E-01	9.48E-01
1.8118	9.48E-01	9.48E-01
1.8225	9.47E-01	9.47E-01
1.8333	9.47E-01	9.47E-01
1.8441	9.46E-01	9.46E-01
1.8549	9.46E-01	9.46E-01
1.8657	9.45E-01	9.45E-01
1.8765	9.44E-01	9.44E-01
1.8873	9.44E-01	9.44E-01
1.8980	9.43E-01	9.43E-01
1.9088	9.43E-01	9.43E-01
1.9196	9.42E-01	9.42E-01
1.9304	9.42E-01	9.42E-01
1.9412	9.41E-01	9.41E-01
1.9520	9.41E-01	9.41E-01
1.9627	9.40E-01	9.40E-01
1.9735	9.39E-01	9.39E-01
1.9843	9.39E-01	9.39E-01
1.9951	9.38E-01	9.38E-01
2.0059	9.38E-01	9.38E-01
2.0167	9.37E-01	9.37E-01
2.0275	9.37E-01	9.37E-01
2.0382	9.36E-01	9.36E-01
2.0490	9.35E-01	9.35E-01
2.0598	9.35E-01	9.35E-01
2.0706	9.34E-01	9.34E-01
2.0814	9.34E-01	9.34E-01
2.0922	9.33E-01	9.33E-01
2.1029	9.33E-01	9.33E-01
2.1137	9.32E-01	9.32E-01
2.1245	9.32E-01	9.32E-01
2.1353	9.31E-01	9.31E-01
2.1461	9.30E-01	9.30E-01
2.1569	9.30E-01	9.30E-01
2.1676	9.29E-01	9.29E-01
2.1784	9.29E-01	9.29E-01
2.1892	9.28E-01	9.28E-01
2.2000	9.28E-01	9.28E-01
2.2108	9.27E-01	9.27E-01
2.2216	9.27E-01	9.27E-01
2.2324	9.26E-01	9.26E-01
2.2431	9.25E-01	9.25E-01
2.2539	9.25E-01	9.25E-01
2.2647	9.24E-01	9.24E-01
2.2755	9.24E-01	9.24E-01
2.2863	9.23E-01	9.23E-01
2.2971	9.23E-01	9.23E-01
2.3078	9.22E-01	9.22E-01
2.3186	9.21E-01	9.21E-01
2.3294	9.21E-01	9.21E-01
2.3402	9.20E-01	9.20E-01
2.3510	9.20E-01	9.20E-01
2.3618	9.19E-01	9.19E-01
2.3725	9.19E-01	9.19E-01
2.3833	9.18E-01	9.18E-01
2.3941	9.17E-01	9.17E-01
2.4049	9.17E-01	9.17E-01
2.4157	9.15E-01	9.15E-01
2.4265	9.13E-01	9.13E-01
2.4373	9.09E-01	9.09E-01
2.4480	9.01E-01	9.01E-01
2.4588	8.81E-01	8.81E-01
2.4696	8.40E-01	8.40E-01
2.4804	7.56E-01	7.56E-01
2.4912	6.11E-01	6.11E-01
2.5020	4.20E-01	4.20E-01
2.5127	2.42E-01	2.42E-01
2.5235	1.20E-01	1.20E-01
2.5343	5.49E-02	5.49E-02
2.5451	2.40E-02	2.40E-02
2.5559	1.03E-02	1.03E-02
2.5667	4.37E-03	4.37E-03
2.5775	1.85E-03	1.85E-03
2.5882	0.00E+00	0.00E+00
2.5990	0.00E+00	0.00E+00
2.6098	0.00E+00	0.00E+00
2.6206	0.00E+00	0.00E+00
2.6314	0.00E+00	0.00E+00
2.6422	0.00E+00	0.00E+00
2.6529	0.00E+00	0.00E+00
2.6637	0.00E+00	0.00E+00
2.6745	0.00E+00	0.00E+00
2.6853	0.00E+00	0.00E+00
2.6961	0.00E+00	0.00E+00
2.7069	0.00E+00	0.00E+00
2.7176	0.00E+00	0.00E+00
2.7284	0.00E+00	0.00E+00
2.7392	0.00E+00	0.00E+00
2.7500	0.00E+00	0.00E+00
