# polycrystal lookup table
# Date: 2021-05-31 21:02:47.746800
# Generated from NCrystal (https://github.com/mctools/ncrystal)
# Reference: X.-X. Cai and T. Kittelmann, Comp. Phys. Comm. 246 (2020) 106851
# Phase alpha: Fe_sg229_Iron-alpha.ncmat, 50%
# Phase gamma: Fe_sg225_Iron-gamma.ncmat, 50%
SIGA=0.0118557
SIGI=0.00333071
SIGC=0.0934437
SIGF=0.0933996
SIGS=0.000622839
BT=0.112542
BMPH=0.392813
# dhkl[A], multiplicity, FHKL/cell_volume [fm/A^3], h, k, l, phase
2.11195	8	0.542712	1	1	1	gamma
2.0277	12	0.570551	0	1	1	alpha
1.829	6	0.541598	0	0	2	gamma
1.4338	6	0.574378	0	0	2	alpha
1.2933	12	0.537166	0	2	2	gamma
1.17069	24	0.578231	1	2	1	alpha
1.10293	24	0.533866	1	3	1	gamma
1.05597	8	0.53277	2	2	2	gamma
1.01385	12	0.582109	0	2	2	alpha
0.9145	6	0.52841	0	0	4	gamma
0.906815	24	0.586014	0	1	3	alpha
0.839203	24	0.525164	1	3	3	gamma
0.827805	8	0.589945	2	2	2	alpha
0.817954	24	0.524086	0	2	4	gamma
0.766398	48	0.593902	1	3	2	alpha
0.746686	24	0.519797	2	4	2	gamma
0.7169	6	0.597886	0	0	4	alpha
0.703982	32	0.516603	1	5	1	gamma
0.6759	36	0.601896	0	3	3	alpha
0.646649	12	0.511324	0	4	4	gamma
0.641215	24	0.605933	0	2	4	alpha
0.618315	48	0.508183	1	5	3	gamma
0.611374	24	0.609998	2	3	3	alpha
0.609667	30	0.50714	0	0	6	gamma
0.585346	24	0.61409	2	4	2	alpha
0.578381	24	0.50299	0	2	6	gamma
0.562383	72	0.618209	0	1	5	alpha
0.55784	24	0.499899	3	5	3	gamma
0.551464	24	0.498873	2	6	2	gamma
0.527987	8	0.494791	4	4	4	gamma
0.52355	48	0.62653	1	5	2	alpha
0.512222	48	0.491751	1	7	1	gamma
0.507273	24	0.490742	0	4	6	gamma
0.506925	12	0.630733	0	4	4	alpha
0.491789	48	0.634963	0	3	5	alpha
0.488821	48	0.486726	2	6	4	gamma
0.477933	30	0.639222	0	0	6	alpha
0.476231	72	0.483735	1	7	3	gamma
0.465186	72	0.64351	1	6	1	alpha
0.45725	6	0.478792	0	0	8	gamma
0.453407	24	0.647827	0	2	6	alpha
0.446896	24	0.475851	3	7	3	gamma
0.443598	48	0.474874	0	2	8	gamma
0.44248	48	0.652172	1	5	4	alpha
0.432307	24	0.656547	2	6	2	alpha
0.431099	36	0.470988	0	6	6	gamma
0.422805	48	0.660951	1	6	3	alpha
0.422389	56	0.468094	1	7	5	gamma
0.419601	24	0.467134	2	6	6	gamma
0.413902	8	0.665384	4	4	4	alpha
0.408977	24	0.463311	0	4	8	gamma
0.40554	84	0.669847	0	1	7	alpha
0.401518	72	0.460464	1	9	1	gamma
0.399121	48	0.459519	2	8	4	gamma
0.397665	24	0.67434	0	4	6	alpha
0.390231	96	0.678864	1	7	2	alpha
0.389944	24	0.455759	4	6	6	gamma
0.383463	48	0.452959	1	9	3	gamma
0.383199	48	0.683417	2	6	4	alpha
0.376534	24	0.688001	0	3	7	alpha
0.373343	24	0.44833	4	8	4	gamma
0.367643	72	0.445575	1	7	7	gamma
0.3658	30	0.444661	0	0	10	gamma
0.364186	96	0.697262	1	6	5	alpha
0.358696	72	0.441022	0	2	10	gamma
0.35845	6	0.701939	0	0	8	alpha
0.353632	72	0.438313	1	9	5	gamma
0.352977	96	0.706648	1	8	1	alpha
0.351991	32	0.437413	2	10	2	gamma
0.347748	48	0.711387	0	2	8	alpha
0.342744	48	0.716159	3	6	5	alpha
0.34111	48	0.431168	3	9	5	gamma
0.339637	72	0.430283	0	4	10	gamma
0.33795	36	0.720963	0	6	6	alpha
0.333928	48	0.426762	2	10	4	gamma
0.333352	120	0.725799	0	5	7	alpha
0.329831	48	0.42414	1	11	1	gamma
0.328936	24	0.730667	2	6	6	alpha
0.324692	48	0.735569	2	7	5	alpha
0.323325	12	0.419806	0	8	8	gamma
0.320607	24	0.740503	0	4	8	alpha
0.319601	120	0.417227	1	11	3	gamma
0.318388	48	0.41637	2	8	8	gamma
0.316673	48	0.74547	0	1	9	alpha
0.313671	48	0.412963	0	6	10	gamma
0.312881	48	0.75047	2	8	4	alpha
0.310268	72	0.410426	3	11	3	gamma
0.309221	120	0.755504	1	9	2	alpha
0.309157	48	0.409584	2	10	6	gamma
0.305687	24	0.760572	4	6	6	alpha
0.304833	30	0.406232	0	0	12	gamma
0.302272	120	0.765673	0	3	9	alpha
0.301707	56	0.403736	1	11	5	gamma
0.300686	24	0.402907	0	2	12	gamma
0.296703	72	0.39961	2	12	2	gamma
0.29577	96	0.77598	2	9	3	alpha
0.293818	96	0.397155	3	11	5	gamma
0.292673	24	0.781185	4	8	4	alpha
0.289671	108	0.786424	0	7	7	alpha
0.28919	24	0.393096	0	4	12	gamma
0.28676	30	0.7917	0	0	10	alpha
0.286517	24	0.390681	1	9	9	gamma
0.285642	96	0.38988	0	8	10	gamma
0.283935	48	0.79701	1	10	1	alpha
0.282221	48	0.386689	2	10	8	gamma
0.281191	72	0.802356	0	2	10	alpha
0.279734	120	0.384313	1	13	1	gamma
0.27892	24	0.383525	6	10	6	gamma
0.278526	72	0.807738	0	5	9	alpha
0.275935	32	0.813156	2	10	2	alpha
0.275732	24	0.380386	4	12	4	gamma
0.273415	144	0.818611	1	10	3	alpha
0.273412	120	0.378049	1	13	3	gamma
0.272651	72	0.377273	0	6	12	gamma
0.269671	48	0.374186	2	12	6	gamma
0.268575	96	0.829629	1	8	7	alpha
0.267499	48	0.371887	3	13	3	gamma
0.26625	72	0.835194	0	4	10	alpha
0.263993	8	0.368086	8	8	8	gamma
0.263984	72	0.840796	1	9	6	alpha
0.261955	96	0.365825	1	13	5	gamma
0.261775	48	0.846436	2	10	4	alpha
0.261286	54	0.365074	0	0	14	gamma
0.25962	120	0.852114	0	1	11	alpha
0.25866	84	0.362087	0	2	14	gamma
0.256741	96	0.359862	1	11	9	gamma
0.256111	48	0.359124	2	14	2	gamma
0.255466	144	0.863584	1	11	2	alpha
0.253637	24	0.356185	0	8	12	gamma
0.253462	12	0.869376	0	8	8	alpha
0.251827	72	0.353996	3	11	9	gamma
0.251505	48	0.875208	0	3	11	alpha
0.251232	72	0.35327	0	4	14	gamma
0.249593	48	0.881078	2	8	8	alpha
0.248895	96	0.350379	2	14	4	gamma
0.247723	168	0.886988	2	11	3	alpha
0.247185	96	0.348226	1	13	7	gamma
0.245895	48	0.892938	0	6	10	alpha
0.24441	48	0.344668	4	12	8	gamma
0.244106	96	0.898928	1	11	4	alpha
0.24279	120	0.34255	1	15	1	gamma
0.242356	48	0.904957	2	10	6	alpha
0.242257	48	0.341847	4	14	4	gamma
0.240644	48	0.911028	5	9	6	alpha
0.240159	24	0.33905	0	6	14	gamma
0.238967	30	0.917138	0	0	12	alpha
0.238622	48	0.336966	1	15	3	gamma
0.238116	72	0.336275	2	14	6	gamma
0.237324	192	0.92329	0	5	11	alpha
0.235715	24	0.929483	0	2	12	alpha
0.234661	104	0.331474	1	11	11	gamma
0.234179	72	0.330794	0	10	12	gamma
0.234139	120	0.935718	1	10	7	alpha
0.232593	72	0.941995	2	12	2	alpha
0.232283	96	0.328087	2	12	10	gamma
0.231078	96	0.948313	1	12	3	alpha
0.230891	168	0.326071	1	15	5	gamma
0.228625	6	0.322739	0	0	16	gamma
0.228134	96	0.961078	1	11	6	alpha
0.227297	96	0.320756	3	15	5	gamma
0.22686	96	0.320098	0	2	16	gamma
0.226704	24	0.967525	0	4	12	alpha
0.2253	108	0.974014	0	9	9	alpha
0.225134	96	0.317478	2	16	2	gamma
0.223922	96	0.980548	0	8	10	alpha
0.223866	48	0.315528	5	11	11	gamma
0.223448	24	0.31488	6	14	6	gamma
0.222569	120	0.987125	2	9	9	alpha
0.221799	48	0.312303	0	4	16	gamma
0.22124	48	0.993746	2	10	8	alpha
0.220586	120	0.310385	1	15	7	gamma
0.220186	96	0.309748	2	16	4	gamma
0.219935	144	1.00041	0	1	13	alpha
0.218652	24	1.00712	6	10	6	alpha
0.218607	48	0.307213	6	12	10	gamma
0.217446	72	0.305325	3	15	7	gamma
0.217392	144	1.01388	1	13	2	alpha
0.216153	24	1.02068	4	12	4	alpha
0.21555	36	0.302205	0	12	12	gamma
0.214936	96	1.02753	0	3	13	alpha
0.214436	96	0.300348	1	17	1	gamma
0.214068	48	0.299732	0	6	16	gamma
0.213738	72	1.03442	0	6	12	alpha
0.212617	120	0.297279	0	10	14	gamma
0.212561	144	1.04136	1	10	9	alpha
0.211548	192	0.295453	1	17	3	gamma
0.211402	48	1.04834	2	12	6	alpha
0.211195	56	0.294846	2	14	10	gamma
0.210263	144	1.05537	1	13	4	alpha
0.209801	24	0.292434	4	12	12	gamma
0.208773	72	0.290637	1	15	9	gamma
0.208434	96	0.29004	4	16	6	gamma
0.208038	48	1.06958	3	10	9	alpha
0.207093	48	0.287667	4	14	10	gamma
0.206951	8	1.07675	8	8	8	alpha
0.206105	144	0.2859	1	17	5	gamma
0.205882	240	1.08398	0	5	13	alpha
0.204829	54	1.09125	0	0	14	alpha
0.204488	24	0.282978	0	8	16	gamma
0.203791	120	1.09857	1	14	1	alpha
0.203537	96	0.281239	3	17	5	gamma
0.203222	102	0.280662	0	0	18	gamma
0.20277	84	1.10594	0	2	14	alpha
0.201979	48	0.278365	0	2	18	gamma
0.201764	72	1.11335	0	9	11	alpha
0.201062	72	0.276655	5	15	9	gamma
0.200772	48	1.12082	2	14	2	alpha
0.200759	72	0.276087	2	18	2	gamma
