m 	 up  	down	 # McStas
THICK=0.034
RHO=3.99e-6
SIG1=0.099
SIG2=0.0211
MC=6.0
0.0	0.99	0.99
0.0282	0.99	0.99
0.0565	0.99	0.99
0.0847	0.99	0.99
0.1129	0.99	0.99
0.1412	0.99	0.99
0.1694	0.99	0.99
0.1976	0.99	0.99
0.2259	0.99	0.99
0.2541	0.99	0.99
0.2824	0.99	0.99
0.3106	0.99	0.99
0.3388	0.99	0.99
0.3671	0.99	0.99
0.3953	0.99	0.99
0.4235	0.99	0.99
0.4518	0.99	0.99
0.48	0.99	0.99
0.5082	0.99	0.99
0.5365	0.99	0.99
0.5647	0.99	0.99
0.5929	0.99	0.99
0.6212	0.99	0.99
0.6494	0.99	0.99
0.6776	0.99	0.99
0.7059	0.99	0.99
0.7341	0.99	0.99
0.7624	0.99	0.99
0.7906	0.99	0.99
0.8188	0.99	0.99
0.8471	0.99	0.99
0.8753	0.99	0.99
0.9035	0.99	0.99
0.9318	0.99	0.99
0.96	0.99	0.99
0.9882	0.99	0.99
1.0165	0.9877	0.9877
1.0447	0.9838	0.9838
1.0729	0.9798	0.9798
1.1012	0.9759	0.9759
1.1294	0.972	0.972
1.1576	0.9682	0.9682
1.1859	0.9643	0.9643
1.2141	0.9605	0.9605
1.2424	0.9567	0.9567
1.2706	0.9529	0.9529
1.2988	0.9491	0.9491
1.3271	0.9453	0.9453
1.3553	0.9415	0.9415
1.3835	0.9378	0.9378
1.4118	0.9341	0.9341
1.44	0.9303	0.9303
1.4682	0.9266	0.9266
1.4965	0.923	0.923
1.5247	0.9193	0.9193
1.5529	0.9157	0.9157
1.5812	0.912	0.912
1.6094	0.9084	0.9084
1.6376	0.9048	0.9048
1.6659	0.9012	0.9012
1.6941	0.8977	0.8977
1.7224	0.8941	0.8941
1.7506	0.8906	0.8906
1.7788	0.8871	0.8871
1.8071	0.8836	0.8836
1.8353	0.8801	0.8801
1.8635	0.8766	0.8766
1.8918	0.8732	0.8732
1.92	0.8697	0.8697
1.9482	0.8663	0.8663
1.9765	0.8629	0.8629
2.0047	0.8595	0.8595
2.0329	0.8561	0.8561
2.0612	0.8528	0.8528
2.0894	0.8494	0.8494
2.1176	0.8461	0.8461
2.1459	0.8428	0.8428
2.1741	0.8395	0.8395
2.2024	0.8362	0.8362
2.2306	0.833	0.833
2.2588	0.8297	0.8297
2.2871	0.8265	0.8265
2.3153	0.8233	0.8233
2.3435	0.8201	0.8201
2.3718	0.8169	0.8169
2.4	0.8137	0.8137
2.4282	0.8106	0.8106
2.4565	0.8075	0.8075
2.4847	0.8043	0.8043
2.5129	0.8012	0.8012
2.5412	0.7982	0.7982
2.5694	0.7951	0.7951
2.5976	0.792	0.792
2.6259	0.789	0.789
2.6541	0.786	0.786
2.6824	0.783	0.783
2.7106	0.78	0.78
2.7388	0.777	0.777
2.7671	0.7741	0.7741
2.7953	0.7711	0.7711
2.8235	0.7682	0.7682
2.8518	0.7653	0.7653
2.88	0.7624	0.7624
2.9082	0.7595	0.7595
2.9365	0.7567	0.7567
2.9647	0.7538	0.7538
2.9929	0.751	0.751
3.0212	0.7482	0.7482
3.0494	0.7454	0.7454
3.0776	0.7426	0.7426
3.1059	0.7399	0.7399
3.1341	0.7371	0.7371
3.1624	0.7344	0.7344
3.1906	0.7317	0.7317
3.2188	0.729	0.729
3.2471	0.7263	0.7263
3.2753	0.7236	0.7236
3.3035	0.721	0.721
3.3318	0.7183	0.7183
3.36	0.7157	0.7157
3.3882	0.7131	0.7131
3.4165	0.7105	0.7105
3.4447	0.708	0.708
3.4729	0.7054	0.7054
3.5012	0.7029	0.7029
3.5294	0.7004	0.7004
3.5576	0.6978	0.6978
3.5859	0.6954	0.6954
3.6141	0.6929	0.6929
3.6424	0.6904	0.6904
3.6706	0.688	0.688
3.6988	0.6856	0.6856
3.7271	0.6832	0.6832
3.7553	0.6808	0.6808
3.7835	0.6784	0.6784
3.8118	0.676	0.676
3.84	0.6737	0.6737
3.8682	0.6714	0.6714
3.8965	0.669	0.669
3.9247	0.6667	0.6667
3.9529	0.6645	0.6645
3.9812	0.6622	0.6622
4.0094	0.66	0.66
4.0376	0.6577	0.6577
4.0659	0.6555	0.6555
4.0941	0.6533	0.6533
4.1224	0.6511	0.6511
4.1506	0.649	0.649
4.1788	0.6468	0.6468
4.2071	0.6447	0.6447
4.2353	0.6425	0.6425
4.2635	0.6404	0.6404
4.2918	0.6384	0.6384
4.32	0.6363	0.6363
4.3482	0.6342	0.6342
4.3765	0.6322	0.6322
4.4047	0.6302	0.6302
4.4329	0.6282	0.6282
4.4612	0.6262	0.6262
4.4894	0.6242	0.6242
4.5176	0.6222	0.6222
4.5459	0.6203	0.6203
4.5741	0.6184	0.6184
4.6024	0.6165	0.6165
4.6306	0.6146	0.6146
4.6588	0.6127	0.6127
4.6871	0.6108	0.6108
4.7153	0.609	0.609
4.7435	0.6072	0.6072
4.7718	0.6053	0.6053
4.8	0.6035	0.6035
4.8282	0.6018	0.6018
4.8565	0.6	0.6
4.8847	0.5982	0.5982
4.9129	0.5965	0.5965
4.9412	0.5948	0.5948
4.9694	0.5931	0.5931
4.9976	0.5914	0.5914
5.0259	0.5897	0.5897
5.0541	0.5881	0.5881
5.0824	0.5864	0.5864
5.1106	0.5848	0.5848
5.1388	0.5832	0.5832
5.1671	0.5816	0.5816
5.1953	0.5801	0.5801
5.2235	0.5785	0.5785
5.2518	0.577	0.577
5.28	0.5754	0.5754
5.3082	0.5739	0.5739
5.3365	0.5724	0.5724
5.3647	0.571	0.571
5.3929	0.5695	0.5695
5.4212	0.5681	0.5681
5.4494	0.5666	0.5666
5.4776	0.5652	0.5652
5.5059	0.5638	0.5638
5.5341	0.5624	0.5624
5.5624	0.5611	0.5611
5.5906	0.5597	0.5597
5.6188	0.5584	0.5584
5.6471	0.5571	0.5571
5.6753	0.5558	0.5558
5.7035	0.5545	0.5545
5.7318	0.5532	0.5532
5.76	0.552	0.552
5.7882	0.5508	0.5508
5.8165	0.5495	0.5495
5.8447	0.5483	0.5483
5.8729	0.5471	0.5471
5.9012	0.5459	0.5459
5.9294	0.5446	0.5446
5.9576	0.5431	0.5431
5.9859	0.5404	0.5404
6.0141	0.5338	0.5338
6.0424	0.5145	0.5145
6.0706	0.4584	0.4584
6.0988	0.3324	0.3324
6.1271	0.1692	0.1692
6.1553	0.0621	0.0621
6.1835	0.0193	0.0193
6.2118	0.0056	0.0056
6.24	0.0016	0.0016
6.2682	0.0005	0.0005
6.2965	0.0001	0.0001
6.3247	0.0	0.0
6.3529	0.0	0.0
6.3812	0.0	0.0
6.4094	0.0	0.0
6.4376	0.0	0.0
6.4659	0.0	0.0
6.4941	0.0	0.0
6.5224	0.0	0.0
6.5506	0.0	0.0
6.5788	0.0	0.0
6.6071	0.0	0.0
6.6353	0.0	0.0
6.6635	0.0	0.0
6.6918	0.0	0.0
6.72	0.0	0.0
6.7482	0.0	0.0
6.7765	0.0	0.0
6.8047	0.0	0.0
6.8329	0.0	0.0
6.8612	0.0	0.0
6.8894	0.0	0.0
6.9176	0.0	0.0
6.9459	0.0	0.0
6.9741	0.0	0.0
7.0024	0.0	0.0
7.0306	0.0	0.0
7.0588	0.0	0.0
7.0871	0.0	0.0
7.1153	0.0	0.0
7.1435	0.0	0.0
7.1718	0.0	0.0
7.2	0.0	0.0
