m	up	down # fitted to data from www.swissneutronics.ch
0	0.9712	0.9712
0.05	0.9712	0.9712
0.1	0.9712	0.9712
0.15	0.9712	0.9712
0.2	0.9712	0.9712
0.25	0.9712	0.9712
0.3	0.9712	0.9712
0.35	0.9712	0.9712
0.4	0.9712	0.9712
0.45	0.9712	0.9712
0.5	0.9712	0.9712
0.55	0.9712	0.9712
0.6	0.9712	0.9712
0.65	0.9712	0.9712
0.7	0.9712	0.9712
0.75	0.9712	0.9712
0.8	0.9712	0.9712
0.85	0.9712	0.9712
0.9	0.9712	0.9712
0.95	0.9712	0.9712
1	0.9712	0.9712
1.05	0.96529	0.96529
1.1	0.95945	0.95945
1.15	0.95369	0.95369
1.2	0.948	0.948
1.25	0.94239	0.94239
1.3	0.93685	0.93685
1.35	0.93138	0.93138
1.4	0.92599	0.92599
1.45	0.92066	0.92066
1.5	0.91542	0.91542
1.55	0.91024	0.91024
1.6	0.90514	0.90514
1.65	0.90011	0.90011
1.7	0.89516	0.89516
1.75	0.89028	0.89028
1.8	0.88547	0.88547
1.85	0.88073	0.88073
1.9	0.87607	0.87607
1.95	0.87149	0.87149
2	0.86697	0.86697
2.05	0.86253	0.86253
2.1	0.85816	0.85816
2.15	0.85387	0.85387
2.2	0.84965	0.84965
2.25	0.8455	0.8455
2.3	0.84142	0.84142
2.35	0.83742	0.83742
2.4	0.83349	0.83349
2.45	0.82964	0.82964
2.5	0.82586	0.82586
2.55	0.82215	0.82215
2.6	0.81851	0.81851
2.65	0.81495	0.81495
2.7	0.81146	0.81146
2.75	0.80805	0.80805
2.8	0.80471	0.80471
2.85	0.80144	0.80144
2.9	0.79824	0.79824
2.95	0.79512	0.79512
3	0.79207	0.79207
3.05	0.7891	0.7891
3.1	0.7862	0.7862
3.15	0.78337	0.78337
3.2	0.78062	0.78062
3.25	0.77793	0.77793
3.3	0.77533	0.77533
3.35	0.77279	0.77279
3.4	0.77033	0.77033
3.45	0.76794	0.76794
3.5	0.76563	0.76563
3.55	0.76338	0.76338
3.6	0.76122	0.76122
3.65	0.75912	0.75912
3.7	0.7571	0.7571
3.75	0.75515	0.75515
3.8	0.75328	0.75328
3.85	0.75147	0.75147
3.9	0.74974	0.74974
3.95	0.74809	0.74809
4	0.74651	0.74651
4.05	0.745	0.745
4.1	0.74356	0.74356
4.15	0.7422	0.7422
4.2	0.74091	0.74091
4.25	0.7397	0.7397
4.3	0.73856	0.73856
4.35	0.73749	0.73749
4.4	0.73649	0.73649
4.45	0.73557	0.73557
4.5	0.73472	0.73472
4.55	0.73395	0.73395
4.6	0.73325	0.73325
4.65	0.73262	0.73262
4.7	0.73206	0.73206
4.75	0.73157	0.73157
4.8	0.73114	0.73114
4.85	0.73071	0.73071
4.9	0.73005	0.73005
4.95	0.72821	0.72821
5	0.72125	0.72125
5.05	0.69384	0.69384
5.1	0.59863	0.59863
5.15	0.38004	0.38004
5.2	0.15018	0.15018
5.25	0.04249	0.04249
5.3	0.01061	0.01061
5.35	0.00256	0.00256
5.4	6.12662E-4	6.12662E-4
5.45	1.4634E-4	1.4634E-4
5.5	3.49413E-5	0
