m	up	down # fitted to data from www.swissneutronics.ch
0	0.994	0.994
0.05	0.994	0.994
0.1	0.994	0.994
0.15	0.994	0.994
0.2	0.994	0.994
0.25	0.994	0.994
0.3	0.994	0.994
0.35	0.994	0.994
0.4	0.994	0.994
0.45	0.994	0.994
0.5	0.994	0.994
0.55	0.994	0.994
0.6	0.994	0.994
0.65	0.994	0.994
0.7	0.994	0.994
0.75	0.994	0.994
0.8	0.994	0.994
0.85	0.994	0.994
0.9	0.994	0.994
0.95	0.994	0.994
1	0.994	0.994
1.05	0.98817	0.98817
1.1	0.98242	0.98242
1.15	0.97676	0.97676
1.2	0.97118	0.97118
1.25	0.96569	0.96569
1.3	0.96029	0.96029
1.35	0.95497	0.95497
1.4	0.94974	0.94974
1.45	0.94459	0.94459
1.5	0.93953	0.93953
1.55	0.93456	0.93456
1.6	0.92967	0.92967
1.65	0.92487	0.92487
1.7	0.92016	0.92016
1.75	0.91553	0.91553
1.8	0.91099	0.91099
1.85	0.90653	0.90653
1.9	0.90216	0.90216
1.95	0.89788	0.89788
2	0.89368	0.89368
2.05	0.88957	0.88957
2.1	0.88554	0.88554
2.15	0.8816	0.8816
2.2	0.87775	0.87775
2.25	0.87398	0.87398
2.3	0.8703	0.8703
2.35	0.86671	0.86671
2.4	0.8632	0.8632
2.45	0.85977	0.85977
2.5	0.85644	0.85644
2.55	0.85319	0.85319
2.6	0.85002	0.85002
2.65	0.84695	0.84695
2.7	0.84395	0.84395
2.75	0.84105	0.84105
2.8	0.83823	0.83823
2.85	0.8355	0.8355
2.9	0.83285	0.83285
2.95	0.83029	0.83029
3	0.82781	0.82781
3.05	0.82542	0.82542
3.1	0.82312	0.82312
3.15	0.8209	0.8209
3.2	0.81877	0.81877
3.25	0.81673	0.81673
3.3	0.81477	0.81477
3.35	0.8129	0.8129
3.4	0.81112	0.81112
3.45	0.80942	0.80942
3.5	0.8078	0.8078
3.55	0.80627	0.80627
3.6	0.80483	0.80483
3.65	0.80348	0.80348
3.7	0.8022	0.8022
3.75	0.80097	0.80097
3.8	0.7997	0.7997
3.85	0.79802	0.79802
3.9	0.79441	0.79441
3.95	0.78304	0.78304
4	0.743	0.743
4.05	0.61849	0.61849
4.1	0.3711	0.3711
4.15	0.14303	0.14303
4.2	0.04144	0.04144
4.25	0.01081	0.01081
4.3	0.00274	0.00274
4.35	6.88544E-4	6.88544E-4
4.4	1.72787E-4	1.72787E-4
4.45	4.33438E-5	4.33438E-5
4.5	1.08727E-5	0
