m 	 up  	down	 # McStas
THICK=0.004
RHO=4.46e-6
SIG1=0.1054
SIG2=0.0212
MC=3.0
0.0	0.99	0.99
0.0141	0.99	0.99
0.0282	0.99	0.99
0.0424	0.99	0.99
0.0565	0.99	0.99
0.0706	0.99	0.99
0.0847	0.99	0.99
0.0988	0.99	0.99
0.1129	0.99	0.99
0.1271	0.99	0.99
0.1412	0.99	0.99
0.1553	0.99	0.99
0.1694	0.99	0.99
0.1835	0.99	0.99
0.1976	0.99	0.99
0.2118	0.99	0.99
0.2259	0.99	0.99
0.24	0.99	0.99
0.2541	0.99	0.99
0.2682	0.99	0.99
0.2824	0.99	0.99
0.2965	0.99	0.99
0.3106	0.99	0.99
0.3247	0.99	0.99
0.3388	0.99	0.99
0.3529	0.99	0.99
0.3671	0.99	0.99
0.3812	0.99	0.99
0.3953	0.99	0.99
0.4094	0.99	0.99
0.4235	0.99	0.99
0.4376	0.99	0.99
0.4518	0.99	0.99
0.4659	0.99	0.99
0.48	0.99	0.99
0.4941	0.99	0.99
0.5082	0.99	0.99
0.5224	0.99	0.99
0.5365	0.99	0.99
0.5506	0.99	0.99
0.5647	0.99	0.99
0.5788	0.99	0.99
0.5929	0.99	0.99
0.6071	0.99	0.99
0.6212	0.99	0.99
0.6353	0.99	0.99
0.6494	0.99	0.99
0.6635	0.99	0.99
0.6776	0.99	0.99
0.6918	0.99	0.99
0.7059	0.99	0.99
0.72	0.99	0.99
0.7341	0.99	0.99
0.7482	0.99	0.99
0.7624	0.99	0.99
0.7765	0.99	0.99
0.7906	0.99	0.99
0.8047	0.99	0.99
0.8188	0.99	0.99
0.8329	0.99	0.99
0.8471	0.99	0.99
0.8612	0.99	0.99
0.8753	0.99	0.99
0.8894	0.99	0.99
0.9035	0.99	0.99
0.9176	0.99	0.99
0.9318	0.99	0.99
0.9459	0.99	0.99
0.96	0.99	0.99
0.9741	0.99	0.99
0.9882	0.99	0.99
1.0024	0.9898	0.9898
1.0165	0.9889	0.9889
1.0306	0.988	0.988
1.0447	0.9871	0.9871
1.0588	0.9862	0.9862
1.0729	0.9853	0.9853
1.0871	0.9844	0.9844
1.1012	0.9835	0.9835
1.1153	0.9826	0.9826
1.1294	0.9816	0.9816
1.1435	0.9807	0.9807
1.1576	0.9798	0.9798
1.1718	0.9789	0.9789
1.1859	0.978	0.978
1.2	0.9771	0.9771
1.2141	0.9762	0.9762
1.2282	0.9753	0.9753
1.2424	0.9743	0.9743
1.2565	0.9734	0.9734
1.2706	0.9725	0.9725
1.2847	0.9716	0.9716
1.2988	0.9707	0.9707
1.3129	0.9698	0.9698
1.3271	0.9689	0.9689
1.3412	0.968	0.968
1.3553	0.967	0.967
1.3694	0.9661	0.9661
1.3835	0.9652	0.9652
1.3976	0.9643	0.9643
1.4118	0.9634	0.9634
1.4259	0.9625	0.9625
1.44	0.9616	0.9616
1.4541	0.9607	0.9607
1.4682	0.9598	0.9598
1.4824	0.9588	0.9588
1.4965	0.9579	0.9579
1.5106	0.957	0.957
1.5247	0.9561	0.9561
1.5388	0.9552	0.9552
1.5529	0.9543	0.9543
1.5671	0.9534	0.9534
1.5812	0.9525	0.9525
1.5953	0.9515	0.9515
1.6094	0.9506	0.9506
1.6235	0.9497	0.9497
1.6376	0.9488	0.9488
1.6518	0.9479	0.9479
1.6659	0.947	0.947
1.68	0.9461	0.9461
1.6941	0.9452	0.9452
1.7082	0.9442	0.9442
1.7224	0.9433	0.9433
1.7365	0.9424	0.9424
1.7506	0.9415	0.9415
1.7647	0.9406	0.9406
1.7788	0.9397	0.9397
1.7929	0.9388	0.9388
1.8071	0.9379	0.9379
1.8212	0.9369	0.9369
1.8353	0.936	0.936
1.8494	0.9351	0.9351
1.8635	0.9342	0.9342
1.8776	0.9333	0.9333
1.8918	0.9324	0.9324
1.9059	0.9315	0.9315
1.92	0.9306	0.9306
1.9341	0.9297	0.9297
1.9482	0.9287	0.9287
1.9624	0.9278	0.9278
1.9765	0.9269	0.9269
1.9906	0.926	0.926
2.0047	0.9251	0.9251
2.0188	0.9242	0.9242
2.0329	0.9233	0.9233
2.0471	0.9224	0.9224
2.0612	0.9214	0.9214
2.0753	0.9205	0.9205
2.0894	0.9196	0.9196
2.1035	0.9187	0.9187
2.1176	0.9178	0.9178
2.1318	0.9169	0.9169
2.1459	0.916	0.916
2.16	0.9151	0.9151
2.1741	0.9141	0.9141
2.1882	0.9132	0.9132
2.2024	0.9123	0.9123
2.2165	0.9114	0.9114
2.2306	0.9105	0.9105
2.2447	0.9096	0.9096
2.2588	0.9087	0.9087
2.2729	0.9078	0.9078
2.2871	0.9069	0.9069
2.3012	0.9059	0.9059
2.3153	0.905	0.905
2.3294	0.9041	0.9041
2.3435	0.9032	0.9032
2.3576	0.9023	0.9023
2.3718	0.9014	0.9014
2.3859	0.9005	0.9005
2.4	0.8996	0.8996
2.4141	0.8986	0.8986
2.4282	0.8977	0.8977
2.4424	0.8968	0.8968
2.4565	0.8959	0.8959
2.4706	0.895	0.895
2.4847	0.8941	0.8941
2.4988	0.8932	0.8932
2.5129	0.8923	0.8923
2.5271	0.8913	0.8913
2.5412	0.8904	0.8904
2.5553	0.8895	0.8895
2.5694	0.8886	0.8886
2.5835	0.8877	0.8877
2.5976	0.8868	0.8868
2.6118	0.8859	0.8859
2.6259	0.885	0.885
2.64	0.884	0.884
2.6541	0.8831	0.8831
2.6682	0.8822	0.8822
2.6824	0.8813	0.8813
2.6965	0.8804	0.8804
2.7106	0.8795	0.8795
2.7247	0.8786	0.8786
2.7388	0.8777	0.8777
2.7529	0.8767	0.8767
2.7671	0.8758	0.8758
2.7812	0.8749	0.8749
2.7953	0.874	0.874
2.8094	0.873	0.873
2.8235	0.8721	0.8721
2.8376	0.8711	0.8711
2.8518	0.8702	0.8702
2.8659	0.8692	0.8692
2.88	0.8681	0.8681
2.8941	0.867	0.867
2.9082	0.8658	0.8658
2.9224	0.8644	0.8644
2.9365	0.8628	0.8628
2.9506	0.8609	0.8609
2.9647	0.8585	0.8585
2.9788	0.8555	0.8555
2.9929	0.8514	0.8514
3.0071	0.8458	0.8458
3.0212	0.8382	0.8382
3.0353	0.8275	0.8275
3.0494	0.8125	0.8125
3.0635	0.7917	0.7917
3.0776	0.7631	0.7631
3.0918	0.7247	0.7247
3.1059	0.6747	0.6747
3.12	0.6124	0.6124
3.1341	0.539	0.539
3.1482	0.4578	0.4578
3.1624	0.3744	0.3744
3.1765	0.2949	0.2949
3.1906	0.2244	0.2244
3.2047	0.1658	0.1658
3.2188	0.1195	0.1195
3.2329	0.0846	0.0846
3.2471	0.0591	0.0591
3.2612	0.0408	0.0408
3.2753	0.028	0.028
3.2894	0.0191	0.0191
3.3035	0.013	0.013
3.3176	0.0088	0.0088
3.3318	0.006	0.006
3.3459	0.0041	0.0041
3.36	0.0027	0.0027
3.3741	0.0019	0.0019
3.3882	0.0013	0.0013
3.4024	0.0008	0.0008
3.4165	0.0006	0.0006
3.4306	0.0004	0.0004
3.4447	0.0003	0.0003
3.4588	0.0002	0.0002
3.4729	0.0001	0.0001
3.4871	0.0001	0.0001
3.5012	0.0001	0.0001
3.5153	0.0	0.0
3.5294	0.0	0.0
3.5435	0.0	0.0
3.5576	0.0	0.0
3.5718	0.0	0.0
3.5859	0.0	0.0
3.6	0.0	0.0
