m	up	down # fitted to data from www.swissneutronics.ch
0	0.99693	0.99693
0.03333	0.99693	0.99693
0.06667	0.99693	0.99693
0.1	0.99693	0.99693
0.13333	0.99693	0.99693
0.16667	0.99693	0.99693
0.2	0.99693	0.99693
0.23333	0.99693	0.99693
0.26667	0.99693	0.99693
0.3	0.99693	0.99693
0.33333	0.99693	0.99693
0.36667	0.99693	0.99693
0.4	0.99693	0.99693
0.43333	0.99693	0.99693
0.46667	0.99693	0.99693
0.5	0.99693	0.99693
0.53333	0.99693	0.99693
0.56667	0.99693	0.99693
0.6	0.99693	0.99693
0.63333	0.99693	0.99693
0.66667	0.99693	0.99693
0.7	0.99693	0.99693
0.73333	0.99693	0.99693
0.76667	0.99693	0.99693
0.8	0.99693	0.99693
0.83333	0.99693	0.99693
0.86667	0.99693	0.99693
0.9	0.99693	0.99693
0.93333	0.99693	0.99693
0.96667	0.99693	0.99693
1	0.99693	0.99693
1.03333	0.99395	0.99395
1.06667	0.99101	0.99101
1.1	0.9881	0.9881
1.13333	0.98523	0.98523
1.16667	0.9824	0.9824
1.2	0.97961	0.97961
1.23333	0.97685	0.97685
1.26667	0.97414	0.97414
1.3	0.97146	0.97146
1.33333	0.96881	0.96881
1.36667	0.96621	0.96621
1.4	0.96364	0.96364
1.43333	0.96111	0.96111
1.46667	0.95862	0.95862
1.5	0.95617	0.95617
1.53333	0.95375	0.95375
1.56667	0.95137	0.95137
1.6	0.94903	0.94903
1.63333	0.94673	0.94673
1.66667	0.94446	0.94446
1.7	0.94224	0.94224
1.73333	0.94005	0.94005
1.76667	0.93789	0.93789
1.8	0.93578	0.93578
1.83333	0.9337	0.9337
1.86667	0.93166	0.93166
1.9	0.92966	0.92966
1.93333	0.9277	0.9277
1.96667	0.92577	0.92577
2	0.92388	0.92388
2.03333	0.92203	0.92203
2.06667	0.92022	0.92022
2.1	0.91844	0.91844
2.13333	0.9167	0.9167
2.16667	0.915	0.915
2.2	0.91334	0.91334
2.23333	0.91171	0.91171
2.26667	0.91013	0.91013
2.3	0.90858	0.90858
2.33333	0.90706	0.90706
2.36667	0.90559	0.90559
2.4	0.90415	0.90415
2.43333	0.90275	0.90275
2.46667	0.90139	0.90139
2.5	0.90007	0.90007
2.53333	0.89878	0.89878
2.56667	0.89753	0.89753
2.6	0.89632	0.89632
2.63333	0.89515	0.89515
2.66667	0.89401	0.89401
2.7	0.89291	0.89291
2.73333	0.89185	0.89185
2.76667	0.89082	0.89082
2.8	0.88981	0.88981
2.83333	0.8888	0.8888
2.86667	0.88776	0.88776
2.9	0.88657	0.88657
2.93333	0.88498	0.88498
2.96667	0.8824	0.8824
3	0.87742	0.87742
3.03333	0.86681	0.86681
3.06667	0.8435	0.8435
3.1	0.79354	0.79354
3.13333	0.69602	0.69602
3.16667	0.53879	0.53879
3.2	0.35048	0.35048
3.23333	0.19134	0.19134
3.26667	0.09195	0.09195
3.3	0.04111	0.04111
3.33333	0.01775	0.01775
3.36667	0.00755	0.00755
3.4	0.00319	0.00319
3.43333	0.00134	0.00134
3.46667	5.63981E-4	5.63981E-4
3.5	2.37047E-4	0
