m	up	down
MC=1.5		
NITI=1		
COH=0		
0.0000	9.90E-01	9.90E-01
0.0065	9.90E-01	9.90E-01
0.0129	9.90E-01	9.90E-01
0.0194	9.90E-01	9.90E-01
0.0259	9.90E-01	9.90E-01
0.0324	9.90E-01	9.90E-01
0.0388	9.90E-01	9.90E-01
0.0453	9.90E-01	9.90E-01
0.0518	9.90E-01	9.90E-01
0.0582	9.90E-01	9.90E-01
0.0647	9.90E-01	9.90E-01
0.0712	9.90E-01	9.90E-01
0.0776	9.90E-01	9.90E-01
0.0841	9.90E-01	9.90E-01
0.0906	9.90E-01	9.90E-01
0.0971	9.90E-01	9.90E-01
0.1035	9.90E-01	9.90E-01
0.1100	9.90E-01	9.90E-01
0.1165	9.90E-01	9.90E-01
0.1229	9.90E-01	9.90E-01
0.1294	9.90E-01	9.90E-01
0.1359	9.90E-01	9.90E-01
0.1424	9.90E-01	9.90E-01
0.1488	9.90E-01	9.90E-01
0.1553	9.90E-01	9.90E-01
0.1618	9.90E-01	9.90E-01
0.1682	9.90E-01	9.90E-01
0.1747	9.90E-01	9.90E-01
0.1812	9.90E-01	9.90E-01
0.1876	9.90E-01	9.90E-01
0.1941	9.90E-01	9.90E-01
0.2006	9.90E-01	9.90E-01
0.2071	9.90E-01	9.90E-01
0.2135	9.90E-01	9.90E-01
0.2200	9.90E-01	9.90E-01
0.2265	9.90E-01	9.90E-01
0.2329	9.90E-01	9.90E-01
0.2394	9.90E-01	9.90E-01
0.2459	9.90E-01	9.90E-01
0.2524	9.90E-01	9.90E-01
0.2588	9.90E-01	9.90E-01
0.2653	9.90E-01	9.90E-01
0.2718	9.90E-01	9.90E-01
0.2782	9.90E-01	9.90E-01
0.2847	9.90E-01	9.90E-01
0.2912	9.90E-01	9.90E-01
0.2976	9.90E-01	9.90E-01
0.3041	9.90E-01	9.90E-01
0.3106	9.90E-01	9.90E-01
0.3171	9.90E-01	9.90E-01
0.3235	9.90E-01	9.90E-01
0.3300	9.90E-01	9.90E-01
0.3365	9.90E-01	9.90E-01
0.3429	9.90E-01	9.90E-01
0.3494	9.90E-01	9.90E-01
0.3559	9.90E-01	9.90E-01
0.3624	9.90E-01	9.90E-01
0.3688	9.90E-01	9.90E-01
0.3753	9.90E-01	9.90E-01
0.3818	9.90E-01	9.90E-01
0.3882	9.90E-01	9.90E-01
0.3947	9.90E-01	9.90E-01
0.4012	9.90E-01	9.90E-01
0.4076	9.90E-01	9.90E-01
0.4141	9.90E-01	9.90E-01
0.4206	9.90E-01	9.90E-01
0.4271	9.90E-01	9.90E-01
0.4335	9.90E-01	9.90E-01
0.4400	9.90E-01	9.90E-01
0.4465	9.90E-01	9.90E-01
0.4529	9.90E-01	9.90E-01
0.4594	9.90E-01	9.90E-01
0.4659	9.90E-01	9.90E-01
0.4724	9.90E-01	9.90E-01
0.4788	9.90E-01	9.90E-01
0.4853	9.90E-01	9.90E-01
0.4918	9.90E-01	9.90E-01
0.4982	9.90E-01	9.90E-01
0.5047	9.90E-01	9.90E-01
0.5112	9.90E-01	9.90E-01
0.5176	9.90E-01	9.90E-01
0.5241	9.90E-01	9.90E-01
0.5306	9.90E-01	9.90E-01
0.5371	9.90E-01	9.90E-01
0.5435	9.90E-01	9.90E-01
0.5500	9.90E-01	9.90E-01
0.5565	9.90E-01	9.90E-01
0.5629	9.90E-01	9.90E-01
0.5694	9.90E-01	9.90E-01
0.5759	9.90E-01	9.90E-01
0.5824	9.90E-01	9.90E-01
0.5888	9.90E-01	9.90E-01
0.5953	9.90E-01	9.90E-01
0.6018	9.90E-01	9.90E-01
0.6082	9.90E-01	9.90E-01
0.6147	9.90E-01	9.90E-01
0.6212	9.90E-01	9.90E-01
0.6276	9.90E-01	9.90E-01
0.6341	9.90E-01	9.90E-01
0.6406	9.90E-01	9.90E-01
0.6471	9.90E-01	9.90E-01
0.6535	9.90E-01	9.90E-01
0.6600	9.90E-01	9.90E-01
0.6665	9.90E-01	9.90E-01
0.6729	9.90E-01	9.90E-01
0.6794	9.90E-01	9.90E-01
0.6859	9.90E-01	9.90E-01
0.6924	9.90E-01	9.90E-01
0.6988	9.90E-01	9.90E-01
0.7053	9.90E-01	9.90E-01
0.7118	9.90E-01	9.90E-01
0.7182	9.90E-01	9.90E-01
0.7247	9.90E-01	9.90E-01
0.7312	9.90E-01	9.90E-01
0.7376	9.90E-01	9.90E-01
0.7441	9.90E-01	9.90E-01
0.7506	9.90E-01	9.90E-01
0.7571	9.90E-01	9.90E-01
0.7635	9.90E-01	9.90E-01
0.7700	9.90E-01	9.90E-01
0.7765	9.90E-01	9.90E-01
0.7829	9.90E-01	9.90E-01
0.7894	9.90E-01	9.90E-01
0.7959	9.90E-01	9.90E-01
0.8024	9.90E-01	9.90E-01
0.8088	9.90E-01	9.90E-01
0.8153	9.90E-01	9.90E-01
0.8218	9.90E-01	9.90E-01
0.8282	9.90E-01	9.90E-01
0.8347	9.90E-01	9.90E-01
0.8412	9.90E-01	9.90E-01
0.8476	9.90E-01	9.90E-01
0.8541	9.90E-01	9.90E-01
0.8606	9.90E-01	9.90E-01
0.8671	9.90E-01	9.90E-01
0.8735	9.90E-01	9.90E-01
0.8800	9.90E-01	9.90E-01
0.8865	9.90E-01	9.90E-01
0.8929	9.90E-01	9.90E-01
0.8994	9.90E-01	9.90E-01
0.9059	9.90E-01	9.90E-01
0.9124	9.90E-01	9.90E-01
0.9188	9.90E-01	9.90E-01
0.9253	9.90E-01	9.90E-01
0.9318	9.90E-01	9.90E-01
0.9382	9.90E-01	9.90E-01
0.9447	9.90E-01	9.90E-01
0.9512	9.90E-01	9.90E-01
0.9576	9.90E-01	9.90E-01
0.9641	9.90E-01	9.90E-01
0.9706	9.90E-01	9.90E-01
0.9771	9.90E-01	9.90E-01
0.9835	9.90E-01	9.90E-01
0.9900	9.90E-01	9.90E-01
0.9965	9.90E-01	9.90E-01
1.0029	9.90E-01	9.90E-01
1.0094	9.89E-01	9.89E-01
1.0159	9.89E-01	9.89E-01
1.0224	9.89E-01	9.89E-01
1.0288	9.88E-01	9.88E-01
1.0353	9.88E-01	9.88E-01
1.0418	9.88E-01	9.88E-01
1.0482	9.87E-01	9.87E-01
1.0547	9.87E-01	9.87E-01
1.0612	9.87E-01	9.87E-01
1.0676	9.86E-01	9.86E-01
1.0741	9.86E-01	9.86E-01
1.0806	9.85E-01	9.85E-01
1.0871	9.85E-01	9.85E-01
1.0935	9.85E-01	9.85E-01
1.1000	9.84E-01	9.84E-01
1.1065	9.84E-01	9.84E-01
1.1129	9.84E-01	9.84E-01
1.1194	9.83E-01	9.83E-01
1.1259	9.83E-01	9.83E-01
1.1324	9.82E-01	9.82E-01
1.1388	9.82E-01	9.82E-01
1.1453	9.82E-01	9.82E-01
1.1518	9.81E-01	9.81E-01
1.1582	9.81E-01	9.81E-01
1.1647	9.81E-01	9.81E-01
1.1712	9.80E-01	9.80E-01
1.1776	9.80E-01	9.80E-01
1.1841	9.80E-01	9.80E-01
1.1906	9.79E-01	9.79E-01
1.1971	9.79E-01	9.79E-01
1.2035	9.78E-01	9.78E-01
1.2100	9.78E-01	9.78E-01
1.2165	9.78E-01	9.78E-01
1.2229	9.77E-01	9.77E-01
1.2294	9.77E-01	9.77E-01
1.2359	9.77E-01	9.77E-01
1.2424	9.76E-01	9.76E-01
1.2488	9.76E-01	9.76E-01
1.2553	9.75E-01	9.75E-01
1.2618	9.75E-01	9.75E-01
1.2682	9.75E-01	9.75E-01
1.2747	9.74E-01	9.74E-01
1.2812	9.74E-01	9.74E-01
1.2876	9.74E-01	9.74E-01
1.2941	9.73E-01	9.73E-01
1.3006	9.73E-01	9.73E-01
1.3071	9.73E-01	9.73E-01
1.3135	9.72E-01	9.72E-01
1.3200	9.72E-01	9.72E-01
1.3265	9.71E-01	9.71E-01
1.3329	9.71E-01	9.71E-01
1.3394	9.71E-01	9.71E-01
1.3459	9.70E-01	9.70E-01
1.3524	9.70E-01	9.70E-01
1.3588	9.70E-01	9.70E-01
1.3653	9.69E-01	9.69E-01
1.3718	9.69E-01	9.69E-01
1.3782	9.68E-01	9.68E-01
1.3847	9.68E-01	9.68E-01
1.3912	9.68E-01	9.68E-01
1.3976	9.67E-01	9.67E-01
1.4041	9.67E-01	9.67E-01
1.4106	9.66E-01	9.66E-01
1.4171	9.65E-01	9.65E-01
1.4235	9.64E-01	9.64E-01
1.4300	9.62E-01	9.62E-01
1.4365	9.59E-01	9.59E-01
1.4429	9.55E-01	9.55E-01
1.4494	9.48E-01	9.48E-01
1.4559	9.37E-01	9.37E-01
1.4624	9.18E-01	9.18E-01
1.4688	8.90E-01	8.90E-01
1.4753	8.46E-01	8.46E-01
1.4818	7.81E-01	7.81E-01
1.4882	6.92E-01	6.92E-01
1.4947	5.81E-01	5.81E-01
1.5012	4.58E-01	4.58E-01
1.5076	3.38E-01	3.38E-01
1.5141	2.35E-01	2.35E-01
1.5206	1.55E-01	1.55E-01
1.5271	9.88E-02	9.88E-02
1.5335	6.14E-02	6.14E-02
1.5400	3.76E-02	3.76E-02
1.5465	2.27E-02	2.27E-02
1.5529	1.37E-02	1.37E-02
1.5594	8.19E-03	8.19E-03
1.5659	4.90E-03	4.90E-03
1.5724	2.92E-03	2.92E-03
1.5788	1.74E-03	1.74E-03
1.5853	1.04E-03	1.04E-03
1.5918	0.00E+00	0.00E+00
1.5982	0.00E+00	0.00E+00
1.6047	0.00E+00	0.00E+00
1.6112	0.00E+00	0.00E+00
1.6176	0.00E+00	0.00E+00
1.6241	0.00E+00	0.00E+00
1.6306	0.00E+00	0.00E+00
1.6371	0.00E+00	0.00E+00
1.6435	0.00E+00	0.00E+00
1.6500	0.00E+00	0.00E+00
