# polycrystal lookup table
# Date: 2021-05-31 21:02:49.126697
# Generated from NCrystal (https://github.com/mctools/ncrystal)
# Reference: X.-X. Cai and T. Kittelmann, Comp. Phys. Comm. 246 (2020) 106851
# Source file: Ti_sg194.ncmat
SIGA=0.0191814
SIGI=0.0162531
SIGC=0.00841152
SIGF=0.0236655
SIGS=0.00018822
BT=0.131525
BMPH=0.402787
# dhkl[A], multiplicity, FHKL/cell_volume [fm/A^3], h, k, l
2.55477	6	0.0973484	0	1	0
2.343	2	0.194697	0	0	2
2.24307	12	0.168612	0	1	1
1.72677	12	0.0973484	0	1	2
1.475	6	0.194697	1	2	0
1.33265	12	0.168612	0	1	3
1.27739	6	0.0973484	0	2	0
1.24825	12	0.194697	1	2	2
1.23242	12	0.168612	0	2	1
1.1715	2	0.194697	0	0	4
1.12154	12	0.0973484	0	2	2
1.06488	12	0.0973484	0	1	4
0.988833	12	0.168612	0	2	3
0.965614	12	0.0973483	1	3	0
0.945744	24	0.168612	1	3	1
0.917361	12	0.194697	1	2	4
0.892768	24	0.0973483	1	3	2
0.879865	12	0.168612	0	1	5
0.863387	12	0.0973483	0	2	4
0.851592	6	0.194697	0	3	0
0.821343	24	0.168612	1	3	3
0.800365	12	0.194697	0	3	2
0.781	2	0.194697	0	0	6
0.755636	12	0.168612	0	2	5
0.74688	12	0.0973483	0	1	6
0.745122	24	0.0973483	1	3	4
0.7375	6	0.194697	2	4	0
0.708567	12	0.0973483	1	4	0
0.703473	12	0.194697	2	4	2
0.700603	24	0.168612	1	4	1
0.690216	12	0.194697	1	2	6
0.688827	12	0.194697	0	3	4
0.678231	24	0.0973483	1	4	2
0.672521	24	0.168612	1	3	5
0.666326	12	0.0973483	0	2	6
0.647567	12	0.168612	0	1	7
0.645279	24	0.168612	1	4	3
0.638694	6	0.0973482	0	4	0
0.632843	12	0.168612	0	4	1
0.624123	12	0.194696	2	4	4
0.616209	12	0.0973482	0	4	2
0.60724	24	0.0973482	1	3	6
0.606293	24	0.0973482	1	4	4
0.59294	12	0.168612	0	2	7
0.591182	12	0.168612	0	4	3
0.586106	12	0.0973482	2	5	0
0.58575	2	0.194696	0	0	8
0.581574	24	0.168612	2	5	1
0.575591	12	0.194696	0	3	6
0.570936	12	0.0973482	0	1	8
0.568586	24	0.0973482	2	5	2
0.565209	24	0.168612	1	4	5
0.560768	12	0.0973482	0	4	4
0.557498	12	0.194696	1	5	0
0.550152	24	0.168612	1	3	7
0.548747	24	0.168612	2	5	3
0.544394	12	0.194696	1	2	8
0.542356	24	0.194696	1	5	2
0.53621	12	0.194696	2	4	6
0.53244	12	0.0973482	0	2	8
0.527786	12	0.168612	0	4	5
0.524776	24	0.0973481	1	4	6
0.524165	24	0.0973481	2	5	4
0.510955	6	0.0973481	0	5	0
0.510179	12	0.168612	0	1	9
0.507944	12	0.168612	0	5	1
0.503403	24	0.194696	1	5	4
0.50081	24	0.0973481	1	3	8
0.499222	12	0.0973481	0	5	2
0.496932	24	0.168612	2	5	5
0.494417	12	0.0973481	0	4	6
0.491667	6	0.194696	3	6	0
0.486606	24	0.168612	1	4	7
0.485633	12	0.168612	0	5	3
0.482807	12	0.0973481	2	6	0
0.482608	12	0.194696	0	3	8
0.482153	12	0.168612	0	2	9
0.481186	12	0.194696	3	6	2
0.480265	24	0.168612	2	6	1
0.472872	24	0.0973481	2	6	2
0.468782	24	0.0973481	2	5	6
0.4686	2	0.194696	0	0	10
0.468346	12	0.0973481	0	5	4
0.462108	12	0.168612	0	4	7
0.461275	24	0.168612	2	6	3
0.460911	12	0.0973481	0	1	10
0.458851	12	0.0973481	1	6	0
0.45868	12	0.194696	2	4	8
0.458289	24	0.168612	1	3	9
0.456667	24	0.168612	1	6	1
0.453753	24	0.194696	1	5	6
0.453358	12	0.194696	3	6	4
0.451462	24	0.0973481	1	4	8
0.450297	24	0.0973481	1	6	2
0.448614	12	0.168612	0	5	5
0.446604	12	0.194696	1	2	10
0.446384	24	0.097348	2	6	4
0.440973	24	0.168612	2	5	7
0.440249	24	0.168612	1	6	3
0.439932	12	0.097348	0	2	10
0.431694	12	0.097348	0	4	8
0.429202	24	0.168612	2	6	5
0.427578	12	0.097348	0	5	6
0.427248	24	0.097348	1	6	4
0.425796	6	0.194696	0	6	0
0.42158	24	0.097348	1	3	10
0.420198	12	0.168612	0	1	11
0.420002	12	0.097348	3	7	0
0.419571	24	0.168612	1	4	9
0.418934	12	0.194696	0	6	2
0.418325	24	0.168612	3	7	1
0.416082	12	0.194696	3	6	6
0.414313	24	0.097348	2	5	8
0.413413	24	0.097348	3	7	2
0.412109	24	0.168612	1	6	5
0.410671	24	0.097348	2	6	6
0.410549	12	0.194696	0	3	10
0.409091	12	0.194696	2	7	0
0.406162	12	0.168612	0	5	7
0.405596	24	0.168612	3	7	3
0.40412	12	0.168612	0	2	11
0.403829	24	0.194696	1	5	8
0.403562	12	0.168612	0	4	9
0.402995	24	0.194696	2	7	2
0.400183	12	0.194696	0	6	4
0.395624	24	0.0973479	1	6	6
0.395514	12	0.194696	2	4	10
0.395362	24	0.0973479	3	7	4
0.391587	24	0.168612	2	6	7
0.390858	24	0.0973479	1	4	10
0.3905	2	0.194696	0	0	12
0.389756	24	0.168612	1	3	11
0.3896	12	0.0973479	1	7	0
0.389255	24	0.168612	2	5	9
0.38826	24	0.168612	1	7	1
0.38622	24	0.194696	2	7	4
0.386017	12	0.0973479	0	1	12
0.385046	12	0.0973479	0	5	8
0.384323	24	0.0973479	1	7	2
0.383275	24	0.168612	3	7	5
0.378477	24	0.168612	1	6	7
0.378018	24	0.168611	1	7	3
0.377818	12	0.0973479	0	4	10
0.377495	12	0.194696	1	2	12
0.376587	12	0.194696	3	6	8
0.373845	12	0.194696	0	6	6
0.37344	12	0.0973479	0	2	12
0.372561	24	0.0973479	2	6	8
0.369906	24	0.0973479	3	7	6
0.369692	24	0.0973479	1	7	4
0.36875	6	0.194696	4	8	0
0.366002	24	0.0973479	2	5	10
0.365096	24	0.168611	1	4	11
0.364968	18	0.0973479	0	7	0
0.364685	12	0.168611	0	5	9
0.364266	12	0.194696	4	8	2
0.363866	36	0.168611	0	7	1
0.362387	24	0.194696	2	7	6
0.362018	24	0.0973478	1	3	12
0.361216	24	0.0973478	1	6	8
0.360619	36	0.0973478	0	7	2
0.359753	24	0.168611	1	7	5
0.358714	24	0.194696	1	5	10
0.356926	12	0.168611	0	1	13
0.355776	24	0.168611	3	7	7
0.355395	36	0.168611	0	7	3
0.35496	12	0.194696	0	3	12
0.354401	12	0.168611	0	4	11
0.354284	12	0.0973478	2	8	0
0.354025	24	0.168611	2	6	9
0.353275	24	0.168611	2	8	1
0.351737	12	0.194696	4	8	4
0.350301	24	0.0973478	2	8	2
0.348629	24	0.0973478	1	7	6
0.34845	36	0.0973478	0	7	4
0.346914	12	0.168611	0	2	13
0.345508	24	0.168611	2	8	3
0.345355	12	0.0973478	0	5	10
0.345108	12	0.194696	2	4	12
0.344594	24	0.168611	2	5	11
0.344414	12	0.194696	0	6	8
0.344248	24	0.168611	1	6	9
0.342002	24	0.0973478	1	4	12
0.341326	24	0.0973478	3	7	8
0.34009	36	0.168611	0	7	5
0.339212	12	0.194696	3	6	10
0.339116	24	0.0973478	2	8	4
0.338388	12	0.194696	1	8	0
0.337699	24	0.168611	1	3	13
0.336725	24	0.168611	1	7	7
0.336261	24	0.0973478	2	6	10
0.335392	24	0.194696	2	7	8
0.334913	24	0.194695	1	8	2
0.334714	2	0.194695	0	0	14
0.333451	12	0.194695	4	8	6
0.333163	12	0.0973477	0	4	12
0.331878	12	0.0973477	0	1	14
0.331395	24	0.168611	2	8	5
0.330646	36	0.0973477	0	7	6
0.327849	24	0.0973477	1	6	10
0.327198	12	0.168611	0	5	11
0.327105	12	0.0973477	4	9	0
0.326902	24	0.168611	3	7	9
0.326415	12	0.194695	1	2	14
0.326311	24	0.168611	4	9	1
0.325098	24	0.194695	1	8	4
0.324976	24	0.0973477	2	5	12
0.324396	24	0.0973477	1	7	8
0.323963	24	0.0973477	4	9	2
0.323783	12	0.0973477	0	2	14
0.322639	24	0.0973477	2	8	6
0.321871	12	0.194695	3	9	0
0.321278	24	0.168611	1	4	13
0.320439	36	0.168611	0	7	7
0.320161	24	0.168611	4	9	3
0.319842	24	0.194695	1	5	12
0.319433	24	0.168611	2	6	11
0.319347	6	0.0973477	0	8	0
0.318877	24	0.194695	3	9	2
0.318608	12	0.168611	0	8	1
0.316421	12	0.0973477	0	8	2
0.316253	24	0.0973477	1	3	14
0.315132	12	0.194695	0	6	10
0.315055	24	0.0973477	4	9	4
0.313918	12	0.168611	0	4	13
0.313135	24	0.168611	2	8	7
0.312875	12	0.168611	0	8	3
0.312761	24	0.0973476	3	7	10
0.312196	24	0.168611	1	6	11
0.312115	12	0.0973476	2	9	0
0.312062	12	0.194695	4	8	8
0.311938	24	0.168611	1	7	9
0.311516	12	0.194695	0	3	14
0.311425	24	0.168611	2	9	1
0.310497	24	0.194695	1	8	6
0.31037	24	0.194695	3	9	4
0.310264	12	0.0973476	0	5	12
0.31009	12	0.168611	0	1	15
0.309759	36	0.0973476	0	7	8
0.309382	24	0.0973476	2	9	2
0.308835	24	0.168611	4	9	5
0.308177	24	0.194695	2	7	10
0.308105	12	0.0973476	0	8	4
0.307041	24	0.168611	2	5	13
0.306065	24	0.168611	2	9	3
0.305787	12	0.194695	3	6	12
0.304792	12	0.194695	2	4	14
0.30362	24	0.0973476	2	6	12
0.303457	12	0.168611	0	2	15
0.303147	24	0.0973476	2	8	8
0.302646	24	0.0973476	1	4	14
0.30228	12	0.168611	0	8	5
0.301711	24	0.0973476	4	9	6
0.301595	24	0.0973476	2	9	4
0.299582	24	0.0973476	1	7	10
0.299084	24	0.168611	3	7	11
0.299014	12	0.0973476	1	9	0
0.298858	36	0.168611	0	7	9
0.298407	24	0.168611	1	9	1
0.297589	24	0.194695	3	9	6
0.297385	24	0.0973476	1	6	12
0.297232	24	0.168611	1	3	15
0.296608	24	0.0973476	1	9	2
0.29647	12	0.0973476	0	4	14
0.296126	24	0.168611	2	9	5
0.295591	12	0.0973476	0	8	6
0.295	6	0.194695	5	10	0
0.294543	12	0.168611	0	5	13
0.293896	24	0.168611	4	9	7
0.293681	24	0.168611	1	9	3
0.293053	12	0.0973475	4	10	0
0.293008	24	0.194695	1	8	8
0.292906	24	0.168611	2	8	9
0.292875	2	0.194695	0	0	16
0.292689	12	0.194695	5	10	2
0.292481	24	0.168611	4	10	1
0.290969	12	0.0973475	0	1	16
0.290787	24	0.0973475	4	10	2
0.290657	24	0.0973475	2	5	14
0.289828	24	0.0973475	2	9	6
0.289785	12	0.194695	4	8	10
0.289725	24	0.0973475	1	9	4
0.288841	24	0.168611	2	6	13
0.28823	12	0.168611	0	8	7
0.288027	24	0.168611	4	10	3
0.287939	36	0.0973475	0	7	10
0.287796	12	0.194695	0	6	12
0.287497	24	0.168611	1	7	11
0.287435	12	0.0973475	3	10	0
0.287267	12	0.194695	1	2	16
0.286966	24	0.194695	1	5	14
0.286895	24	0.168611	3	10	1
0.28607	12	0.194695	5	10	4
0.285987	24	0.0973475	3	7	12
0.285851	24	0.168611	1	4	15
0.285591	24	0.0973475	4	9	8
0.285468	12	0.0973475	0	2	16
0.285296	24	0.0973475	3	10	2
0.284866	24	0.168611	1	9	5
0.284293	24	0.0973475	4	10	4
0.283864	6	0.194695	0	9	0
0.283457	24	0.168611	1	6	13
0.28288	24	0.168611	2	9	7
0.282688	24	0.168611	3	10	3
0.282604	24	0.0973475	2	8	10
0.282469	24	0.194695	2	7	12
0.282088	24	0.194695	3	9	8
0.281803	12	0.194695	0	9	2
0.280629	12	0.168611	0	4	15
0.280384	12	0.0973475	0	8	8
0.280267	24	0.0973475	1	3	16
0.279988	12	0.0973475	0	5	14
0.279698	24	0.168611	4	10	5
0.279247	24	0.0973475	1	9	6
0.279155	24	0.0973475	3	10	4
0.278749	12	0.194695	2	10	0
0.277161	36	0.168611	0	7	11
0.27698	24	0.168611	4	9	9
0.276954	12	0.194695	0	3	16
0.276797	24	0.194695	2	10	2
0.276684	12	0.194695	3	6	14
0.275969	12	0.194695	5	10	6
0.27588	12	0.194695	0	9	4
0.275806	24	0.0973474	1	7	12
0.275684	24	0.168611	2	5	15
0.275452	24	0.0973474	2	9	8
0.275076	24	0.0973474	2	6	14
0.274801	24	0.168611	3	10	5
0.274373	24	0.0973474	4	10	6
0.274337	24	0.194695	1	8	10
0.274056	12	0.168611	0	1	17
0.273535	24	0.168611	3	7	13
0.273016	24	0.168611	1	9	7
0.272393	24	0.168611	2	8	11
0.272222	12	0.168611	0	8	9
0.272197	12	0.194695	2	4	16
0.271178	24	0.194695	2	10	4
0.270665	24	0.0973474	1	4	16
0.270414	24	0.0973474	1	6	14
0.269746	24	0.0973474	3	10	6
0.269445	12	0.168611	0	2	17
0.268456	24	0.168611	4	10	7
0.268221	24	0.0973474	4	9	10
0.268105	12	0.194695	4	8	12
0.267813	24	0.0973474	1	10	0
0.267701	24	0.168611	2	9	9
0.267377	48	0.168611	1	10	1
0.266788	12	0.194695	0	9	6
0.266641	36	0.0973474	0	7	12
0.26653	12	0.168611	0	5	15
0.26632	24	0.0973474	1	9	8
0.26622	12	0.0973474	0	4	16
0.266081	48	0.0973474	1	10	2
0.265312	24	0.194695	3	9	10
0.265059	24	0.168611	1	3	17
0.264918	12	0.194695	4	11	0
0.264587	24	0.168611	1	7	13
0.264117	24	0.168611	3	10	7
0.263961	48	0.168611	1	10	3
0.263893	12	0.0973473	0	8	10
0.263473	12	0.194695	5	10	8
0.26324	24	0.194695	4	11	2
0.263144	12	0.194695	0	6	14
0.262529	24	0.194695	2	10	6
0.262388	24	0.0973473	2	8	12
0.262283	24	0.168611	2	6	15
0.262083	24	0.0973473	4	10	8
0.261987	24	0.0973473	2	5	16
0.261759	24	0.0973473	3	7	14
0.261078	48	0.0973473	1	10	4
0.260333	2	0.194695	0	0	18
0.259769	24	0.0973473	2	9	10
0.259444	24	0.16861	4	9	11
0.259398	12	0.0973473	3	11	0
0.259296	24	0.16861	1	9	9
0.259275	24	0.194695	1	5	16
0.259054	24	0.194695	2	7	14
0.259002	24	0.16861	3	11	1
0.258992	12	0.0973473	0	1	18
0.258393	24	0.194695	4	11	4
0.258232	24	0.16861	1	6	15
0.258041	24	0.0973473	3	10	8
0.257823	24	0.0973473	3	11	2
0.257506	48	0.16861	1	10	5
0.256893	24	0.16861	1	4	17
0.256463	36	0.16861	0	7	13
0.256371	12	0.194695	1	2	18
0.255894	24	0.16861	3	11	3
0.255731	24	0.194695	1	8	12
0.255522	12	0.16861	0	8	11
0.255477	6	0.0973473	0	10	0
0.255448	12	0.194695	0	9	8
0.25538	24	0.16861	4	10	9
0.255099	12	0.16861	0	10	1
0.25509	12	0.0973473	0	2	18
0.254094	12	0.0973473	0	5	16
0.253972	12	0.0973472	0	10	2
0.253885	24	0.0973472	1	7	14
0.253333	48	0.0973472	1	10	6
0.253264	24	0.0973472	3	11	4
0.253083	12	0.16861	0	4	17
0.252672	24	0.16861	2	8	13
0.252127	12	0.16861	0	10	3
0.252068	24	0.0973472	1	9	10
0.251772	24	0.16861	2	9	11
0.251729	12	0.0973472	2	11	0
0.251701	24	0.194694	2	10	8
0.251637	24	0.16861	3	10	9
0.251617	12	0.194694	3	6	16
0.251367	24	0.16861	2	11	1
0.251358	24	0.0973472	1	3	18
0.250878	24	0.194694	4	11	6
0.250755	24	0.0973472	4	9	12
0.250663	24	0.16861	3	7	15
0.250405	24	0.0973472	2	6	16
0.250289	24	0.0973472	2	11	2
0.249999	24	0.16861	3	11	5
0.249649	12	0.194694	5	10	10
0.249611	12	0.0973472	0	10	4
0.249438	24	0.16861	2	5	17
0.24896	12	0.194694	0	3	18
0.248653	48	0.16861	1	10	7
0.248523	24	0.16861	2	11	3
0.248466	24	0.0973472	4	10	10
0.248374	24	0.194694	3	9	12
0.24784	12	0.194694	4	8	14
0.247208	12	0.0973472	0	8	12
0.246873	24	0.0973472	1	6	16
0.246682	36	0.0973472	0	7	14
0.246484	12	0.16861	0	10	5
0.246175	24	0.0973472	3	11	6
0.246112	24	0.0973472	2	11	4
0.245833	6	0.194694	6	12	0
0.24549	12	0.16861	0	1	19
0.245488	12	0.194694	2	4	18
0.245014	24	0.0973472	3	10	10
0.244742	24	0.16861	1	9	11
0.244703	12	0.0973472	5	12	0
0.244491	12	0.194694	6	12	2
0.24437	24	0.16861	5	12	1
0.244362	24	0.0973472	1	4	18
0.243808	24	0.0973471	2	9	12
0.243723	24	0.16861	1	7	15
0.243563	48	0.0973471	1	10	8
0.243379	24	0.0973471	5	12	2
0.243303	24	0.0973471	2	8	14
0.243113	24	0.16861	2	11	5
0.242816	12	0.0973471	0	10	6
0.242791	12	0.194694	0	9	10
0.242597	12	0.16861	0	5	17
0.242489	12	0.194694	1	11	0
0.242235	24	0.16861	4	9	13
0.242159	12	0.16861	0	2	19
0.241874	24	0.16861	3	11	7
0.241754	24	0.16861	5	12	3
0.241441	24	0.16861	4	10	11
0.241404	12	0.0973471	4	12	0
0.241379	24	0.194694	4	11	8
0.241304	12	0.194694	0	6	16
0.2412	24	0.194694	1	11	2
0.241084	24	0.16861	4	12	1
0.241076	12	0.0973471	0	4	18
0.240593	12	0.194694	6	12	4
0.240235	24	0.0973471	3	7	16
0.240132	24	0.0973471	4	12	2
0.239592	24	0.0973471	2	11	6
0.239567	24	0.194694	2	10	10
0.239533	24	0.0973471	5	12	4
0.23938	24	0.16861	2	6	17
0.239033	12	0.16861	0	8	13
0.23896	24	0.16861	1	3	19
0.238686	12	0.16861	0	10	7
0.238571	24	0.16861	4	12	3
0.23827	24	0.16861	3	10	11
0.238155	48	0.16861	1	10	9
0.238138	24	0.194694	2	7	16
0.237967	24	0.194694	1	8	14
0.237919	24	0.0973471	2	5	18
0.237455	24	0.194694	1	11	4
0.237408	24	0.0973471	1	9	12
0.23733	36	0.16861	0	7	15
0.237181	24	0.0973471	3	11	8
0.236766	24	0.16861	5	12	5
0.236436	24	0.0973471	4	12	4
0.236289	24	0.16861	1	6	17
0.236189	12	0.194694	3	12	0
0.235954	24	0.16861	2	9	13
0.235882	24	0.194694	1	5	18
0.235621	24	0.16861	2	11	7
0.235384	12	0.194694	5	10	12
0.234998	24	0.194694	3	12	2
0.234491	12	0.194694	6	12	6
0.234391	24	0.097347	4	10	12
0.234316	24	0.16861	2	8	15
0.2343	2	0.194694	0	0	20
0.234173	12	0.097347	0	10	8
0.234105	24	0.097347	1	7	16
0.233942	24	0.097347	4	9	14
0.233773	24	0.16861	4	12	5
0.23351	24	0.097347	5	12	6
0.233321	12	0.097347	0	1	20
0.232925	24	0.16861	1	4	19
0.232518	48	0.097347	1	10	10
0.232252	6	0.097347	0	11	0
0.232179	24	0.16861	3	11	9
0.232005	24	0.194694	3	9	14
0.231968	12	0.16861	0	11	1
0.231961	12	0.097347	0	5	18
0.231583	24	0.194694	1	11	6
0.23153	24	0.194694	3	12	4
0.231486	24	0.097347	3	10	12
0.231399	12	0.194694	1	2	20
0.231277	24	0.097347	2	11	8
0.23112	12	0.097347	0	11	2
0.231054	12	0.097347	0	8	14
0.230637	24	0.097347	4	12	6
0.230616	24	0.194694	4	11	10
0.230455	12	0.097347	0	2	20
0.230449	24	0.16861	3	7	17
0.230139	24	0.16861	1	9	13
0.230074	12	0.16861	0	4	19
0.230072	12	0.194694	3	6	18
0.229829	24	0.16861	5	12	7
0.229727	12	0.16861	0	11	3
0.229609	12	0.194694	0	9	12
0.229426	12	0.097347	2	12	0
0.229355	12	0.16861	0	10	9
0.22934	12	0.194694	4	8	16
0.229151	24	0.16861	2	12	1
0.229145	24	0.097347	2	6	18
0.228422	36	0.097347	0	7	16
0.228334	24	0.097347	2	12	2
0.22827	24	0.097347	2	9	14
0.227818	12	0.097347	0	11	4
0.227693	24	0.097347	1	3	20
0.227387	24	0.16861	4	10	13
0.227325	24	0.16861	2	5	19
0.227089	24	0.16861	4	12	7
0.22699	24	0.16861	2	12	3
0.226947	24	0.097347	3	11	10
0.226877	24	0.194694	2	10	12
0.22673	48	0.16861	1	10	11
0.2267	12	0.0973469	6	13	0
0.226679	12	0.194694	6	12	8
0.226632	24	0.16861	2	11	9
0.226435	24	0.16861	6	13	1
0.226428	24	0.0973469	1	6	18
0.226077	24	0.194694	3	12	6
0.22592	24	0.16861	4	9	15
0.225906	12	0.194694	0	3	20
0.225792	24	0.0973469	5	12	8
0.225731	24	0.0973469	2	8	16
0.225646	24	0.0973469	6	13	2
0.225433	12	0.16861	0	11	5
0.225149	24	0.0973469	2	12	4
0.225022	24	0.16861	1	7	17
0.224935	12	0.194694	5	13	0
0.224733	24	0.16861	3	10	13
0.224349	24	0.16861	6	13	3
0.224307	12	0.0973469	0	10	10
0.224049	24	0.194694	1	11	8
0.223906	24	0.194694	5	13	2
0.223316	12	0.16861	0	8	15
0.223302	12	0.194694	2	4	20
0.223192	24	0.0973469	4	12	8
0.222992	24	0.0973469	1	9	14
0.222846	24	0.16861	2	12	5
0.222617	12	0.0973469	0	11	6
0.222571	24	0.0973469	6	13	4
0.222454	24	0.0973469	1	4	20
0.222297	12	0.16861	0	1	21
0.222111	12	0.16861	0	5	19
0.222109	12	0.194694	0	6	18
0.221758	24	0.0973469	2	11	10
0.221556	24	0.16861	3	11	11
0.221527	24	0.0973469	1	12	0
0.221464	24	0.16861	5	12	9
0.22145	24	0.194694	1	8	16
0.221312	12	0.194694	5	10	14
0.22128	48	0.16861	1	12	1
0.221274	24	0.0973469	3	7	18
0.2209	24	0.194694	5	13	4
0.220862	48	0.0973469	1	10	12
0.220799	24	0.16861	2	9	15
0.220544	48	0.0973469	1	12	2
0.220487	24	0.0973469	4	10	14
0.220345	24	0.16861	6	13	5
0.220124	24	0.0973469	2	12	6
0.219966	12	0.0973469	0	4	20
0.219961	36	0.16861	0	7	17
0.219814	12	0.16861	0	2	21
0.219634	24	0.16861	2	6	19
0.219633	24	0.194694	2	7	18
0.219422	12	0.16861	0	11	7
0.219332	48	0.16861	1	12	3
0.21923	24	0.194694	4	11	12
0.219098	12	0.16861	0	10	11
0.219052	24	0.194694	3	12	8
0.219009	24	0.16861	4	12	9
0.218196	24	0.0973468	4	9	16
0.218064	24	0.0973468	3	10	14
0.217713	24	0.0973468	6	13	6
0.217695	12	0.194694	6	12	10
0.21767	48	0.0973468	1	12	4
0.21756	24	0.0973468	2	5	20
0.217555	24	0.16861	2	8	17
0.217413	24	0.16861	1	3	21
0.217239	24	0.16861	1	6	19
0.217033	24	0.16861	2	12	7
0.216909	24	0.0973468	5	12	10
0.21672	24	0.16861	2	11	11
0.216693	12	0.0973468	3	13	0
0.216621	24	0.194694	3	9	16
0.216492	12	0.194694	0	9	14
0.216462	24	0.16861	3	13	1
0.216456	24	0.0973468	1	7	18
0.216149	24	0.194694	5	13	6
0.216071	24	0.0973468	3	11	12
0.216012	24	0.16861	1	9	15
0.216	24	0.194694	1	5	20
0.2159	12	0.0973468	0	11	8
0.215847	12	0.0973468	0	8	16
0.215772	24	0.0973468	3	13	2
0.215586	48	0.16861	1	12	5
0.215362	24	0.194694	1	11	10
0.214973	48	0.16861	1	10	13
0.214721	24	0.16861	6	13	7
0.214638	24	0.16861	3	13	3
0.214601	24	0.0973468	4	12	10
0.214197	24	0.194694	2	10	14
0.213789	12	0.0973468	0	10	12
0.213732	24	0.16861	4	10	15
0.213624	24	0.0973468	2	12	8
0.213572	24	0.0973468	2	9	16
0.21312	48	0.0973468	1	12	6
0.213079	24	0.0973468	3	13	4
0.213	2	0.194694	0	0	22
0.212976	12	0.0973468	0	5	20
0.212898	6	0.194694	0	12	0
0.212838	24	0.16861	1	4	21
0.212675	24	0.16861	3	7	19
0.212673	12	0.194693	4	8	18
0.212264	12	0.0973467	0	1	22
0.212188	24	0.16861	5	12	11
0.212107	12	0.168609	0	11	9
0.212024	12	0.194693	0	12	2
0.21194	36	0.0973467	0	7	18
0.211578	24	0.0973467	2	11	12
0.211523	24	0.168609	3	10	15
0.211511	12	0.194693	3	6	20
0.211418	24	0.0973467	6	13	8
0.211123	24	0.168609	3	13	5
0.210913	24	0.194693	3	12	10
0.210813	12	0.194693	1	2	22
0.21079	24	0.0973467	2	6	20
0.210785	24	0.168609	4	9	17
0.210714	18	0.194693	2	13	0
0.210656	12	0.168609	0	4	21
0.210548	24	0.168609	3	11	13
0.210311	48	0.168609	1	12	7
0.210099	12	0.0973467	0	2	22
0.210026	24	0.168609	4	12	11
0.210001	12	0.0973467	6	14	0
0.209985	24	0.194693	5	13	8
0.209947	24	0.168609	2	12	9
0.209867	36	0.194693	2	13	2
0.209791	24	0.168609	6	14	1
0.209786	24	0.0973467	2	8	18
0.209467	12	0.194693	0	12	4
0.209231	24	0.0973467	1	9	16
0.209163	24	0.0973467	6	14	2
0.209114	48	0.0973467	1	10	14
0.208805	24	0.0973467	3	13	6
0.20867	24	0.0973467	1	6	20
0.208665	12	0.168609	0	8	17
0.20854	24	0.168609	2	5	21
0.208435	12	0.168609	0	10	13
0.208387	24	0.168609	1	7	19
0.208129	24	0.168609	6	14	3
0.208095	12	0.0973467	0	11	10
0.208041	12	0.194693	6	12	12
0.208	24	0.0973467	1	3	22
0.207905	12	0.0973467	5	14	0
0.207852	24	0.168609	6	13	9
0.207841	12	0.194693	5	10	16
0.207727	24	0.194693	4	11	14
0.2077	24	0.168609	5	14	1
0.207386	36	0.194693	2	13	4
0.207355	24	0.0973467	5	12	12
0.207204	48	0.0973467	1	12	8
0.207157	24	0.0973467	4	10	16
0.207091	24	0.0973467	5	14	2
0.206706	24	0.0973467	6	14	4
0.206635	12	0.194693	0	3	22
0.206608	24	0.168609	2	9	17
0.206384	24	0.168609	2	11	13
0.206336	24	0.194693	1	8	18
0.206161	24	0.168609	3	13	7
0.206087	24	0.168609	5	14	3
0.206055	24	0.0973466	2	12	10
0.206002	24	0.194693	1	11	12
0.205403	12	0.194693	0	12	6
0.205336	24	0.0973466	4	12	12
0.205275	12	0.194693	0	6	20
0.205143	24	0.0973466	3	10	16
0.205034	24	0.0973466	3	11	14
0.20492	24	0.168609	6	14	5
0.204706	24	0.0973466	5	14	4
0.204636	12	0.194693	2	4	22
0.204615	24	0.0973466	3	7	20
0.204546	12	0.194693	4	14	0
0.204493	12	0.168609	0	5	21
0.204348	36	0.168609	0	7	19
0.204073	24	0.0973466	6	13	10
0.203983	24	0.0973466	1	4	22
0.203916	12	0.168609	0	11	11
0.203893	12	0.0973466	1	13	0
0.203844	48	0.168609	1	12	9
0.203833	12	0.194693	0	9	16
0.203771	24	0.194693	4	14	2
0.203701	24	0.168609	1	13	1
0.203696	24	0.0973466	4	9	18
0.20344	36	0.194693	2	13	6
0.203325	48	0.168609	1	10	15
0.203315	24	0.194693	2	7	20
0.203232	24	0.0973466	3	13	8
0.203126	24	0.0973466	1	13	2
0.203094	12	0.168609	0	1	23
0.203081	12	0.0973466	0	10	14
0.20297	24	0.168609	5	14	5
0.202798	24	0.0973466	6	14	6
0.202783	24	0.194693	5	13	10
0.20267	24	0.168609	1	9	17
0.202555	24	0.168609	2	6	21
0.202459	24	0.168609	5	12	13
0.202415	24	0.168609	2	8	19
0.202413	24	0.194693	3	9	18
0.202178	24	0.168609	1	13	3
0.202098	24	0.194693	3	12	12
0.20206	12	0.0973466	0	4	22
0.201994	24	0.168609	2	12	11
0.201914	24	0.194693	2	10	16
0.201781	12	0.0973466	0	8	18
0.201497	24	0.194693	4	14	4
0.201196	12	0.168609	0	2	23
0.201183	24	0.0973466	2	11	14
0.200908	24	0.0973465	5	14	6
0.200874	24	0.0973465	1	13	4
0.200788	24	0.0973465	1	7	20
0.200783	24	0.168609	4	10	17
0.200672	24	0.168609	1	6	21
0.200578	24	0.168609	4	12	13
0.200373	24	0.168609	6	14	7
0.200275	48	0.0973465	1	12	10
0.20019	24	0.0973465	2	5	22
0.200127	24	0.168609	6	13	11
0.200105	12	0.0973465	3	14	0
0.200091	12	0.194693	0	12	8
0.200059	24	0.168609	3	13	9
